0.0669710636139
0.0917539596558
0.272652864456
0.211828947067
0.0696909427643
0.107176780701
0.124712944031
0.062117099762
0.30833697319
0.184092998505
0.140237092972
0.122949123383
0.374181985855
0.04474401474
0.0502600669861
0.150727033615
0.326539993286
0.2947909832
0.0864520072937
0.126003980637
0.264616012573
0.256795883179
0.0646939277649
0.230820894241
0.211483001709
0.2461810112
0.0910918712616
0.137362957001
0.123955965042
0.167585134506
0.171053886414
0.212427139282
0.334640979767
0.20423913002
0.0305941104889
0.146884918213
0.330179929733
0.109078884125
0.27631521225
0.123012781143
0.211971998215
0.44174695015
0.218873023987
0.0486099720001
0.143002986908
0.419059038162
0.20468878746
0.112281084061
0.0496909618378
0.038880109787
0.427278995514
0.0993349552155
0.0532698631287
0.139126062393
0.127953052521
0.293265104294
0.330716133118
0.0711960792542
0.201766967773
0.284396886826
0.318428993225
0.214504003525
0.326014041901
0.306334018707
0.097048997879
0.0554490089417
0.110501050949
0.202908992767
0.268427848816
0.114421844482
0.313591003418
0.39058804512
0.0881390571594
0.374766111374
0.115118026733
0.0745098590851
0.0877819061279
0.314764976501
0.243628978729
0.0829660892487
0.31077003479
0.134169101715
0.20167016983
0.123262166977
0.376174926758
0.310742139816
0.13818693161
0.326657056808
0.151206970215
0.0507309436798
0.157325983047
0.431348085403
0.328080892563
0.116276979446
0.280705928802
0.173191070557
0.13282084465
0.24279999733
0.195933103561
0.0709311962128
0.250925064087
0.226124048233
0.0945899486542
0.273342132568
0.124671220779
0.458415031433
0.19818687439
0.222904920578
0.142971992493
0.0899860858917
