9.26362681389
8.13661718369
13.2094500065
14.3560199738
11.5724868774
11.957007885
11.7950799465
13.0860509872
12.4747951031
17.6040129662
12.3279747963
14.231372118
13.9842278957
14.4664890766
17.1052820683
14.6858329773
15.8931150436
13.4184138775
13.5699388981
6.68583202362
13.2085289955
14.6818170547
17.6394538879
10.0852560997
13.4107089043
13.5023889542
15.2179460526
12.6980800629
13.6274130344
7.56740617752
10.8464899063
15.0634078979
15.2859499454
18.3364171982
11.8593018055
11.1937398911
15.4438068867
10.9612989426
18.1714780331
10.7896120548
13.0635828972
14.997025013
12.3157680035
10.4960021973
13.4188480377
9.75248503685
14.2714679241
16.9628880024
18.4515178204
12.2888219357
12.945702076
14.2784619331
12.2150249481
11.9494328499
12.0354499817
12.7881288528
14.9010529518
12.2497839928
18.8522541523
7.59134316444
7.87966895103
12.9340999126
15.6011750698
16.4574639797
17.2582108974
12.2733969688
14.0187430382
13.5107178688
20.0061619282
8.42935705185
17.3072960377
15.8751199245
14.3356249332
17.0622098446
12.0984380245
14.8021240234
16.3446578979
20.7850730419
7.01670193672
12.204433918
15.151047945
16.8618459702
10.4918940067
14.14468503
9.91587686539
15.104309082
15.2243180275
22.4253880978
8.39380502701
8.21681499481
13.3191549778
13.0363309383
14.9931278229
15.6621260643
13.5898988247
18.5638689995
17.3619868755
22.685341835
8.20911192894
15.2705841064
15.2714488506
11.4626779556
13.0304198265
15.0151479244
11.2305920124
12.6658158302
23.3493719101
17.4647960663
7.5643658638
8.77545309067
13.6053910255
17.2518057823
17.6962511539
16.1059930325
10.5249881744
13.4151921272
13.5621230602
24.7271270752
6.85812401772
13.4878690243
14.8337798119
18.3285989761
12.976102829
16.0825929642
17.0996351242
13.6024811268
12.1771109104
17.6703379154
8.52054214478
9.10486912727
14.4118561745
14.2945210934
20.5933220387
16.1610310078
11.7748119831
14.1579837799
14.0107970238
23.6078500748
16.5068719387
12.8111989498
14.5992610455
14.6275610924
15.3862450123
10.2042870522
12.7998259068
17.1840150356
10.8348689079
18.6820580959
8.40034508705
10.5403029919
13.2305779457
15.0826420784
15.0210380554
18.4769451618
11.2987639904
20.4403481483
11.5506491661
18.7880089283
11.2304930687
11.7649230957
14.7602081299
12.2451469898
12.6354429722
17.910572052
15.0588750839
13.7420969009
15.4329202175
18.618999958
6.47943806648
11.1802780628
13.7081320286
13.3684558868
14.4686570168
16.2568688393
13.9455640316
24.1885118484
17.9970371723
14.4450261593
9.93649315834
15.6319401264
14.3000872135
11.9565989971
12.4486517906
12.2860748768
12.3342850208
15.3484930992
22.9123859406
18.0218040943
7.12837600708
7.88398194313
12.6501657963
19.3896620274
17.2376968861
16.7338440418
14.3885600567
16.7656619549
13.346848011
20.3088889122
10.8396220207
13.5101537704
13.5775330067
14.6168839931
13.3933610916
15.231441021
10.4444630146
20.8542170525
17.0821671486
16.2070930004
8.63554406166
14.4718990326
15.7989690304
12.4038419724
11.6885919571
14.1261119843
16.4878900051
15.689868927
21.4947309494
15.254488945
10.5250480175
11.8903689384
14.423541069
22.7582139969
13.8298470974
10.2717649937
14.2874560356
13.3905317783
22.3103339672
13.4439489841
8.40151596069
5.38124108315
10.9436378479
13.9964051247
20.1812980175
14.8495349884
24.3602828979
16.2488219738
18.8268671036
16.5259990692
6.95725107193
10.7081978321
13.1276979446
17.8235061169
18.4102220535
16.799341917
19.9022200108
13.4845209122
15.4565470219
16.0353059769
16.5104019642
16.0944008827
14.4261081219
12.9163429737
15.1483049393
11.2356250286
12.8524940014
15.1337511539
14.3784320354
15.4966478348
11.4555230141
13.6202230453
13.8649930954
14.3027770519
16.8239030838
14.2513608932
17.063480854
14.1638319492
18.0816349983
12.4629170895
8.85029602051
14.1487619877
14.8973350525
17.2316920757
14.9400570393
13.2243130207
17.9135630131
13.435806036
16.5678548813
16.3017959595
9.0886721611
10.846405983
13.9941430092
20.1602108479
16.9428641796
12.3139390945
12.6093130112
17.2616620064
19.1289770603
14.7598910332
12.2475180626
13.6528398991
13.6761190891
11.7302289009
11.582638979
13.7015249729
16.9255540371
16.5461061001
22.6382510662
14.1829519272
9.36876893044
13.0814089775
15.0626449585
12.2116229534
12.7646582127
19.1720850468
14.4719560146
17.0984330177
13.5915770531
20.6686470509
18.5528650284
14.0636458397
12.793088913
10.0273470879
13.574529171
14.4492890835
14.3974249363
13.9459631443
14.1763060093
19.2439332008
11.5480940342
12.5991051197
14.3701770306
14.2820088863
17.1655590534
21.4512209892
13.3047790527
11.7116119862
18.6389811039
14.5225090981
22.7049088478
13.1641850471
18.3390700817
14.7213079929
13.0075399876
16.8970899582
15.0400369167
17.5118968487
14.4732089043
11.1181380749
12.0422830582
17.1782889366
13.7909328938
17.794426918
10.2928669453
13.7817800045
13.6823189259
18.4023399353
19.9536061287
15.1795549393
14.0644271374
14.2732288837
17.2083070278
12.3343448639
10.3035271168
12.5242540836
17.7749509811
18.264674902
15.2431249619
9.22603702545
12.7047469616
14.6088459492
12.5017518997
13.1344790459
18.5694520473
10.7880439758
16.0870118141
27.2356350422
14.7041490078
10.4199509621
11.717220068
15.2973082066
16.6536509991
15.1803781986
11.7191531658
15.0103871822
18.7944731712
16.7884640694
19.8464319706
11.4009261131
15.079018116
13.0026021004
17.6637611389
14.053440094
18.3264651299
13.8105897903
13.3522109985
18.6830980778
14.8853969574
18.4236848354
14.8436379433
15.0077209473
10.8943228722
14.8184809685
9.83260393143
14.6152398586
16.788599968
22.5039081573
13.0872819424
8.64836502075
14.8511309624
15.4887120724
18.2494680882
13.2773118019
13.3412630558
14.7773039341
17.6742119789
18.4206669331
16.2624309063
14.1364381313
14.4111218452
15.6473450661
25.8857021332
12.6741008759
13.798459053
16.7245230675
19.8814561367
14.662927866
7.39027309418
12.8113219738
14.0024549961
14.7771408558
10.937874794
17.0880470276
23.1268792152
14.0470068455
24.1879558563
13.7979161739
17.6995279789
14.0393919945
22.31873703
14.6944859028
14.6133470535
13.5865421295
14.6245181561
21.5675208569
14.9979889393
8.27785086632
12.7628679276
15.0846800804
19.5924639702
14.2729361057
18.3322649002
14.5133841038
13.7908849716
19.6721990108
15.5049359798
13.5621349812
12.3689329624
14.9939439297
13.6219890118
16.6607820988
19.3148469925
13.955384016
11.860558033
20.0377259254
16.1497011185
13.669372797
14.4257910252
13.144370079
13.5514688492
14.5788178444
20.432696104
15.2495601177
10.2510478497
19.7730550766
16.0143210888
7.66981697083
12.3384490013
15.7376160622
13.7103309631
18.1360900402
16.0077810287
16.5691111088
17.9034080505
19.3853530884
16.042881012
7.52666902542
12.5371539593
13.3737270832
15.1900069714
12.108258009
18.3341491222
16.6347548962
16.9057199955
16.5714538097
24.2536039352
7.91936779022
13.4937000275
13.83466506
14.9882369041
11.6401250362
14.9833910465
16.7252290249
15.3873100281
25.8126111031
17.1260240078
8.53038597107
14.815046072
17.1729280949
11.6275780201
13.217238903
21.0812160969
13.8292441368
13.9282240868
23.3760578632
14.4797768593
17.559030056
14.2549800873
13.858479023
10.5767929554
15.7859640121
13.2687549591
15.5322928429
22.7363929749
14.1532690525
12.6379489899
10.5840539932
12.9200911522
13.9829549789
11.7471210957
16.849476099
14.965544939
18.9225039482
14.5463759899
24.6310358047
14.2829020023
16.2306938171
15.5155179501
14.1832311153
13.8693909645
18.0219049454
11.1790590286
14.9773180485
15.6444680691
18.8576500416
13.0922350883
10.6659300327
12.1992919445
16.2651851177
17.5331671238
14.2571501732
11.1954278946
15.9132521152
16.4592559338
25.6291818619
12.653496027
15.8427870274
14.1067149639
14.1696410179
16.2512500286
13.6460130215
14.051101923
15.198045969
23.1491510868
17.2157039642
11.0253140926
7.86835885048
17.6238429546
16.65102005
15.6672511101
12.9140739441
16.3894460201
18.8123309612
13.4822769165
20.8832101822
14.0857188702
7.74218702316
9.14336395264
14.4716510773
13.7683310509
25.7763500214
16.4653110504
16.0609829426
17.1467700005
22.637378931
12.7850809097
19.6776387691
16.1959629059
15.3587970734
10.7085111141
15.7011110783
14.1723649502
21.1872131824
14.9030339718
16.8950910568
10.869148016
18.8808689117
14.3662660122
20.7250659466
17.5816099644
12.182404995
13.0930449963
26.6762549877
18.6307859421
12.4631719589
17.9362258911
13.7309670448
15.604088068
14.8607821465
17.3379001617
9.9963490963
16.1501438618
11.8100829124
23.3203980923
14.6160769463
10.2342178822
13.245100975
16.0027070045
12.6845629215
15.2225329876
14.3325209618
15.0473320484
17.5495219231
24.2937908173
17.7425780296
14.5614500046
14.1689989567
13.813270092
13.6636800766
18.184347868
13.7859730721
14.0245728493
21.941701889
17.9500169754
10.5909800529
10.282269001
14.9522538185
15.0803248882
17.765650034
12.6135938168
26.7715749741
16.5431668758
11.259264946
16.1466600895
15.333575964
9.59248304367
12.2478170395
14.6134800911
23.7163329124
16.5940740108
12.8002328873
23.3502922058
13.9628708363
16.6973118782
12.6934609413
19.7536549568
15.0857448578
17.8550601006
14.7047109604
16.0483648777
13.4799051285
12.8196809292
11.8199429512
16.4446511269
15.212072134
15.1757099628
11.7428190708
15.7555348873
24.8171679974
11.602396965
12.6094679832
16.0969018936
12.4001009464
22.8188619614
13.6023218632
15.9278788567
11.9586699009
18.3800640106
15.257242918
18.0854680538
11.4216461182
13.6411070824
21.2834649086
15.2965910435
15.1324300766
8.72120809555
15.3994400501
17.3198850155
17.2458441257
16.345687151
13.2492008209
15.6206607819
23.3410360813
16.2002029419
14.697576046
8.42295217514
7.90649604797
14.0225031376
15.8262181282
29.5528399944
12.9931800365
17.4997229576
16.803445816
24.1224429607
13.6518878937
14.4531321526
12.3014991283
19.3211331367
17.1470351219
16.971629858
10.3270277977
14.24761796
14.6769208908
23.1725189686
14.5571091175
13.0503158569
13.8518350124
17.4234080315
15.7042369843
14.0420410633
12.4902939796
14.0790281296
14.3728981018
23.0867390633
17.3630189896
22.1149160862
13.5868680477
12.0109879971
11.7624220848
19.4210550785
16.5415151119
18.6592988968
17.8877689838
12.7487609386
11.1198999882
21.0789220333
13.9710481167
11.4045650959
9.59670090675
18.9880459309
16.6832280159
14.0183959007
20.7135300636
16.5850019455
12.9101610184
8.37535905838
16.0538167953
17.5057961941
12.9546840191
16.3093879223
21.2667319775
16.5166509151
17.8589420319
15.5026390553
10.5348770618
15.2858798504
16.0333731174
14.2989270687
14.332752943
18.832089901
12.1939489841
15.8550989628
23.2901859283
14.4312019348
11.3966012001
21.1426651478
15.6698439121
11.8248422146
11.9262788296
17.8342189789
10.9876468182
16.3735840321
25.6901130676
14.3561692238
10.7366859913
13.5364658833
14.9660470486
14.8150699139
24.1321809292
12.6363151073
18.9426450729
12.6874909401
19.7777028084
13.6144559383
13.1596138477
15.8253951073
15.2265238762
13.2235889435
23.4273328781
14.699229002
14.7850439548
15.3041601181
15.6304841042
20.0411419868
11.371172905
17.5046010017
16.0088238716
14.3278849125
14.2666060925
15.1930270195
14.0563519001
13.7201781273
22.3297441006
18.3685159683
13.7159547806
12.5890679359
12.7120277882
16.0882241726
12.1011250019
16.5780820847
23.8064749241
15.1533811092
23.4629299641
16.4061329365
10.2838959694
19.4526131153
14.5152328014
15.2386558056
14.0823199749
15.0166831017
11.7323460579
15.3733291626
23.47656703
13.6658859253
13.0996208191
15.0174119473
15.6228058338
16.2767310143
12.935243845
19.1430051327
16.4099979401
16.5714771748
21.9928309917
13.8853929043
8.59080290794
14.4628808498
15.1265161037
13.1394720078
22.195483923
12.7906367779
16.3523278236
13.8851549625
25.7465279102
12.7500190735
12.3449778557
15.1217079163
14.7798669338
14.4315299988
14.8453669548
18.0791580677
14.5360560417
17.5427780151
18.0957829952
19.7664401531
9.6898419857
16.3543701172
12.5964758396
17.8345661163
24.1930940151
13.6288490295
15.2678749561
13.746368885
19.118666172
14.9944088459
12.5702810287
16.010695219
14.7502000332
16.6197140217
14.609817028
13.869079113
17.0084969997
16.0681390762
21.9853079319
14.897439003
12.8877670765
17.3006510735
15.4914579391
21.1403479576
15.7093100548
13.4422571659
15.2625780106
17.1578691006
18.7103819847
17.5015060902
7.95684695244
14.4163269997
12.7039630413
15.4646918774
21.5339860916
12.6397340298
22.8154909611
14.6484708786
22.1786901951
15.6594588757
8.29966592789
10.1958179474
11.694822073
14.4682099819
18.3407421112
14.9534699917
26.942440033
17.0932090282
23.7733719349
13.5911729336
9.28005409241
19.1588408947
13.9397668839
21.4202070236
16.2543580532
14.6396288872
14.0008990765
12.9919941425
19.2064318657
14.5111551285
11.3943128586
6.90786290169
10.857542038
13.9135210514
16.7073338032
18.2629599571
22.3948760033
22.8899538517
14.733066082
23.978867054
9.46207690239
16.9903860092
13.1018521786
14.2583210468
25.8257670403
19.0701849461
16.3160378933
10.6330258846
18.0509738922
15.0656261444
12.2042551041
15.7075710297
13.22696805
17.736271143
13.7363610268
12.8335530758
14.1860849857
24.1660189629
14.129971981
17.2520749569
17.1195201874
16.1532599926
14.9487609863
17.1742050648
17.1921551228
12.2324571609
22.6849420071
13.5094218254
15.9755280018
16.3638911247
14.5865681171
6.88529706001
12.9456429482
13.6560702324
21.8471720219
18.0920300484
14.801281929
15.5527169704
14.8600850105
26.1933500767
18.1339960098
26.0935769081
14.2839980125
21.9691791534
12.0780191422
11.4025659561
13.3637690544
14.6708681583
18.6385281086
15.7025430202
10.5548911095
14.9892439842
14.9686670303
13.4385950565
14.1927189827
14.0851559639
10.2026059628
18.2978658676
18.1776640415
25.6648180485
16.6770169735
21.2957940102
14.1240642071
12.7018749714
12.5367150307
16.3915829659
20.0038859844
13.1254980564
13.7643749714
22.7862780094
11.8247969151
10.2459909916
12.2641777992
13.9654428959
21.3046979904
13.605243206
21.0365757942
14.9151639938
13.3855650425
26.0577261448
15.8826160431
14.8344159126
14.671505928
15.8386290073
11.3494329453
15.5754010677
9.99527788162
13.916408062
26.146944046
16.6796879768
20.5647108555
15.1427659988
15.0386788845
16.9040429592
19.016767025
16.2831737995
18.4487061501
23.7295808792
17.1956079006
13.0311179161
8.32608699799
9.72682785988
11.3110609055
14.0869569778
24.7054729462
17.8752319813
16.5013661385
19.4541420937
19.1264030933
15.5565450191
14.0280940533
8.3765630722
8.18591308594
15.0104210377
15.4201378822
26.2262489796
18.9626338482
22.3775229454
15.7915771008
18.4007999897
15.7554860115
9.73331713676
13.4544820786
13.8607780933
22.8591749668
15.0370879173
24.7929899693
15.3412189484
26.5676970482
13.348498106
7.6557059288
17.2869069576
14.3869600296
18.3963999748
18.0693099499
19.9638078213
14.1449840069
15.8201301098
17.6189529896
13.8616499901
8.84730696678
21.2614200115
13.4297130108
12.4769949913
12.4403009415
15.7854890823
13.1194229126
21.395457983
15.7446570396
25.2569081783
8.77888607979
12.7294209003
12.4965288639
16.7984580994
14.9887940884
12.4324560165
18.747205019
15.2200639248
14.3733751774
23.5030798912
18.2842872143
15.5723159313
11.900906086
15.599820137
14.5038249493
18.7715132236
23.4852509499
18.2529711723
22.7238919735
12.8078870773
8.40180683136
9.2302210331
11.7866809368
14.0202660561
24.4443800449
16.6039919853
17.7259759903
15.8520460129
18.9946758747
24.15751791
9.70923995972
18.8696548939
13.5026509762
15.3838229179
14.3667302132
13.4445869923
17.7516160011
15.1429860592
19.7298619747
22.0501971245
12.2929410934
13.1191189289
13.6165928841
15.4736509323
17.9403989315
12.457201004
23.5934050083
16.2471117973
14.1726000309
18.054805994
15.0360631943
8.64048099518
10.8579559326
15.183467865
23.0326118469
16.0150010586
23.5733320713
19.3853290081
13.6034479141
16.8847708702
15.8689720631
18.8014969826
16.7349469662
14.2582390308
12.6758658886
18.0223870277
15.5065250397
16.0640318394
15.7762510777
24.0728180408
11.0608448982
7.44381594658
9.75918102264
13.9685139656
13.0341229439
19.1631441116
19.0815610886
19.7513508797
25.0860500336
15.5681459904
22.5094649792
9.46736001968
15.9564540386
20.3859450817
20.0293240547
15.8997340202
9.61643815041
16.851115942
21.9598691463
21.8488559723
11.8039810658
20.023015976
14.0354540348
17.2471301556
18.2006070614
12.1347639561
17.7482051849
14.6502771378
18.2364809513
13.8587629795
14.4649147987
13.4180879593
12.6319198608
15.2099049091
13.4645650387
14.1195738316
20.3239810467
15.3948450089
21.8799040318
18.6447989941
17.839951992
17.9563820362
14.6886498928
17.610104084
10.3686342239
14.2522041798
25.1236848831
15.4116859436
24.2963001728
13.8174800873
10.1870970726
8.41814780235
13.599601984
14.6502830982
17.5607402325
16.7763822079
19.2220668793
22.3266301155
14.8488209248
25.6240510941
10.0937840939
17.7608540058
14.2403850555
17.0891940594
12.3069658279
11.8337938786
23.6024730206
13.3970618248
14.4868490696
26.3930170536
9.59686398506
18.587679863
17.4015500546
15.3929569721
14.8583090305
20.0865559578
15.7524409294
13.9163639545
18.4763071537
14.508439064
14.3676159382
17.4756240845
14.637501955
17.7908937931
16.3400218487
16.1750528812
14.6531767845
20.0523190498
18.5884428024
15.8032250404
12.2880840302
12.7488460541
13.0387191772
19.8172838688
18.8353278637
12.2223260403
18.1163260937
16.7265708447
20.5026450157
15.2616860867
16.7711591721
12.6094009876
11.7307808399
16.0976979733
16.9063110352
15.4041821957
15.0516111851
15.4629020691
14.1083219051
25.1735470295
20.5651829243
12.4462139606
12.2828359604
16.419533968
12.5079829693
15.580671072
23.734582901
20.0760331154
21.6868479252
15.5524320602
12.7960689068
13.5573089123
12.0174078941
19.1448600292
22.7001850605
13.651237011
11.7133100033
15.7029809952
25.9681720734
15.0274920464
14.2226929665
11.0758430958
14.4842910767
13.2630021572
15.0553190708
18.073333025
12.6227297783
17.1132218838
17.2732639313
25.4161961079
19.1621999741
8.03023004532
10.9050600529
16.2193849087
23.8433139324
17.9660720825
18.2668938637
19.4362559319
13.6123390198
24.7203640938
11.6874289513
21.0421311855
17.3606388569
16.6599099636
14.7171528339
14.3732290268
14.158110857
14.2651929855
21.8955209255
13.7006568909
13.0122110844
11.9069840908
13.2850899696
14.6023800373
20.8497951031
16.2380440235
11.5418410301
14.5758349895
20.5699949265
15.7848989964
21.9871220589
13.8799369335
14.5639438629
14.576636076
17.9512989521
12.669533968
14.261729002
14.5956089497
22.5679750443
15.5089049339
22.0534009933
11.759759903
13.5903010368
19.3770499229
13.2760279179
16.0900979042
13.4698011875
15.6712758541
13.6286129951
25.2117650509
21.8798029423
14.5872561932
14.2453479767
14.4216279984
20.8443591595
17.1630680561
18.9815168381
13.9550030231
24.9326732159
16.4213750362
8.8039560318
15.4198729992
14.3374791145
16.8920500278
15.5502619743
19.0926940441
11.2745859623
15.7002458572
19.2044150829
25.8495488167
10.8376338482
16.4859421253
15.2818980217
21.2193729877
18.0078129768
17.567512989
23.1639721394
11.9035699368
18.4424259663
12.0224108696
9.71188807487
20.2342979908
15.3967609406
12.74132514
15.1570289135
15.0773799419
14.9992640018
27.5748829842
17.4825150967
12.4559698105
10.370374918
8.40100383759
16.7731389999
20.2425448895
19.0220170021
14.5260341167
14.326171875
17.2959630489
26.334624052
15.4328198433
9.05154705048
16.3234257698
15.0252671242
21.2187209129
15.3966999054
12.8071389198
14.1375398636
27.533700943
15.8578298092
15.5395069122
8.72472310066
14.3245511055
14.2310390472
15.0973989964
11.1184139252
15.9431240559
24.9066910744
18.5939421654
23.6712708473
12.7479009628
9.66616988182
17.8449831009
13.9691200256
17.1033689976
12.7255721092
12.3721702099
25.2316279411
24.2454719543
20.5344209671
10.4481580257
10.0521960258
7.58637404442
11.6687719822
16.0119330883
17.2944939137
12.7145519257
12.0174489021
23.2327270508
24.8710229397
17.3928949833
23.42542696
11.5797290802
13.4782049656
19.4036159515
24.4777219296
20.4476299286
14.4596250057
13.06854105
24.1069169044
15.7849090099
7.95600295067
18.2136921883
15.3059101105
23.0679600239
14.0101978779
13.4840641022
17.9272069931
23.7798240185
17.6615290642
13.1110389233
8.55026888847
16.6222531796
13.4547851086
14.0460879803
23.1842660904
18.9313218594
15.5160281658
23.9480409622
15.9628889561
15.1032378674
8.27873301506
11.1114919186
12.2298259735
16.4865410328
14.3146901131
15.9687988758
12.6093559265
13.3295860291
27.2863240242
16.9310860634
25.0316698551
15.5169770718
16.1758799553
20.7779219151
15.2083399296
13.3842411041
18.2637038231
15.9193658829
24.3859260082
14.8918590546
8.70685982704
12.0166652203
12.3743810654
15.6131660938
13.7214989662
16.8600890636
18.5482809544
15.4574041367
12.1332471371
23.59486413
24.5230720043
9.31224417686
13.7490851879
14.7707798481
17.4048528671
15.4386060238
28.5062599182
15.4664299488
26.958591938
15.1584630013
9.74317789078
19.8044638634
15.2717318535
12.2813570499
15.8634860516
20.2555980682
14.3685030937
23.8422539234
16.422369957
15.4505579472
8.98660683632
20.6165268421
17.0489368439
11.8102259636
12.7933559418
12.9518051147
22.640969038
24.6775679588
16.2954800129
16.9265561104
7.82915091515
27.0268850327
15.6085400581
22.5941951275
11.8471670151
20.6180918217
14.7047989368
16.4645650387
15.3816058636
12.2845458984
7.36601805687
24.0746240616
18.8912930489
17.5700249672
13.1943120956
17.4082119465
17.4203059673
20.4779090881
17.4933588505
10.3285698891
6.70538115501
18.2724280357
14.3989090919
17.1911289692
16.7595210075
12.2239921093
10.8179299831
15.2296822071
12.6394908428
25.2239048481
23.9858319759
17.0027740002
12.881305933
16.3422288895
13.8756949902
18.1954028606
10.5436270237
20.3519909382
12.6046009064
17.3275971413
24.798968792
26.0959589481
13.3432998657
21.9737660885
17.4665780067
11.3607149124
15.7236840725
22.3891780376
18.1045439243
11.2808599472
6.22994804382
15.7756810188
12.502956152
13.6748600006
30.5193619728
24.8766870499
17.2243850231
21.8806269169
13.7343609333
10.8994870186
5.33685207367
10.8290820122
16.0074598789
19.6214671135
12.2213890553
17.299957037
12.368899107
15.2367329597
15.3864469528
22.8999149799
24.563560009
13.3441739082
14.2226848602
13.7701599598
15.6293671131
18.6816141605
22.8072030544
14.6090199947
25.5693790913
22.1144227982
4.15453314781
23.7589581013
19.5349719524
19.8424041271
20.7828691006
14.3364470005
13.0095901489
21.4961600304
14.3973178864
8.78754401207
7.41951203346
12.7221019268
13.1974048615
16.2048509121
30.0503709316
15.7766141891
24.0523619652
11.9368698597
17.4431581497
18.1463251114
7.18585395813
13.2226288319
13.0313229561
14.2237868309
26.5206270218
25.022589922
13.3253118992
24.3299450874
16.5329589844
9.7451441288
8.51091098785
19.5351600647
14.2719619274
24.908878088
15.6307258606
14.6573040485
14.2134380341
23.2088420391
15.2965018749
17.193598032
7.57069921494
21.1502540112
17.5348100662
25.2828059196
12.3789489269
11.88910079
14.9474978447
20.7250540257
18.8588960171
17.7556641102
3.74778199196
24.078594923
18.8212351799
20.4900181293
15.004294157
11.6941030025
19.7884559631
24.2818520069
14.0911529064
11.0201430321
4.66967797279
18.9782140255
17.5431041718
20.6933991909
14.2301511765
13.0122761726
14.1612958908
25.2425889969
20.7208600044
17.9536471367
4.53471302986
13.9493749142
14.7370278835
14.3293039799
25.5649189949
17.5532691479
14.683576107
22.3959550858
16.9168519974
18.5217168331
5.02101111412
18.815253973
15.3103501797
20.8865880966
16.5280861855
26.9726939201
18.4007871151
13.0069839954
20.2332649231
12.8061552048
5.37859010696
24.4099941254
15.4829180241
15.1603879929
15.4651770592
24.9287619591
15.5487141609
11.1433129311
17.03449893
22.3821871281
4.03326892853
26.897121191
15.7861950397
25.5472450256
13.5531198978
17.7031199932
13.8988149166
20.1211569309
14.5155000687
8.61397385597
8.41558599472
19.3630468845
15.3536350727
22.5160238743
15.7796609402
23.9526190758
18.341460228
18.4221730232
15.1480770111
10.0358381271
8.17359995842
15.7563619614
12.4977638721
13.9400200844
17.1014552116
17.8629770279
23.2577240467
18.3660190105
25.4383120537
19.0255789757
4.74768805504
26.7948050499
14.2821130753
14.3036310673
14.3980150223
15.3282618523
14.7343399525
23.3889410496
15.055606842
23.8501160145
3.39065313339
13.8823301792
15.0165710449
15.3132910728
24.1011121273
20.6334779263
22.800276041
17.0269382
20.9121711254
13.3030490875
4.18256688118
19.2312040329
14.9582998753
17.9000611305
16.6220879555
22.4077410698
14.606700182
12.6660559177
25.0308589935
19.4682478905
4.81256079674
22.8721210957
15.728438139
15.7871320248
13.6636788845
18.0149359703
23.5655100346
17.3017821312
18.7965829372
13.2438390255
5.95176100731
11.0426599979
15.6697750092
15.540158987
26.3065178394
24.7980539799
15.094301939
18.1302728653
25.319901228
10.0688710213
4.75769996643
23.8223659992
16.2524940968
20.5616459846
11.9644238949
12.5252101421
23.8901410103
15.8149299622
18.2095420361
16.8398330212
4.96256113052
19.0863358974
16.3480250835
22.6011590958
18.1408209801
13.1101279259
23.7642819881
16.4821279049
24.1689550877
10.9337501526
4.02772688866
24.9543881416
15.3364548683
21.5452709198
13.1004989147
13.4108719826
15.2757999897
20.9019150734
22.413724184
12.2424149513
6.37079596519
14.9658260345
12.9985659122
15.1093671322
27.6409540176
21.1646680832
16.1759679317
19.915982008
16.5623979568
14.2019221783
9.82935118675
21.3748800755
14.188557148
16.5948140621
16.2430210114
27.8743038177
25.162293911
19.8110330105
11.4185137749
9.80671596527
3.79815912247
23.6342418194
15.493270874
17.3692507744
14.2764120102
14.2727661133
15.8245580196
15.6083421707
24.6540980339
14.588023901
10.0211861134
10.1933810711
15.486702919
20.0649869442
21.7107419968
15.2278320789
19.4334309101
17.4227859974
24.3390820026
22.1718571186
3.33381605148
9.29994893074
13.823674202
16.0088889599
24.8725509644
16.5147168636
23.5204360485
25.6495230198
16.5501999855
23.6157429218
3.3562078476
18.5567340851
16.8941419125
16.611893177
17.3126561642
25.2934219837
13.8663179874
26.5604739189
17.1904251575
9.13914108276
5.26948595047
26.243434906
14.5451889038
19.9305050373
17.1144878864
11.8810069561
20.204282999
14.1151359081
19.6826870441
14.8334128857
6.66079688072
19.7591340542
13.3988890648
15.8981430531
17.6696310043
20.5641920567
16.1483018398
16.3543040752
23.6387779713
21.9993648529
4.1701259613
18.9882099628
17.2957031727
16.0800480843
13.8222439289
15.7763159275
18.6291379929
24.1242148876
15.7026720047
23.1534600258
5.28641700745
15.3737859726
13.5355498791
14.4656472206
23.4913589954
11.8739449978
20.6861109734
24.3810431957
16.3063299656
24.2720291615
3.61320495605
17.5842299461
16.5982019901
25.5128231049
14.8147790432
9.59632492065
18.0602061749
15.4651319981
24.9784209728
24.5195138454
2.24531602859
18.5829319954
16.2053408623
23.9872879982
15.7897460461
24.4982049465
15.5382909775
20.3137729168
14.8225040436
13.5376489162
5.45936799049
26.653249979
13.9920239449
13.9877500534
12.5996000767
23.0897011757
15.2234928608
25.184262991
14.5126838684
14.3228549957
6.03110384941
11.4899730682
13.0668950081
14.286757946
14.4600791931
16.3104119301
27.6933898926
26.1851301193
16.4076821804
21.1728849411
3.79199194908
19.6621651649
13.7316818237
20.8834648132
14.0503988266
26.4774439335
17.8135919571
24.2692220211
14.2131791115
9.27997493744
6.24314498901
24.5244479179
15.6287720203
29.4135010242
12.9450120926
14.2525720596
24.4605340958
21.8730239868
13.3446409702
9.11048603058
1.08110618591
26.7313001156
15.9053800106
19.8010120392
15.7604291439
19.227022171
23.8778450489
19.5454359055
17.7928631306
7.40667700768
0.665085792542
24.0244760513
15.5506258011
31.203854084
13.2880029678
19.3256430626
12.6859409809
25.9192049503
14.0114119053
9.15070700645
1.48017811775
14.0542290211
13.2049100399
15.6471879482
26.1782579422
28.5200278759
26.4202320576
20.9591760635
16.2869520187
7.1148648262
0.935858011246
24.1814279556
15.0774788857
13.1134810448
13.918473959
29.8537409306
25.2767381668
19.4157001972
19.8125510216
5.23982596397
1.03002595901
24.3687839508
15.2057118416
29.6514799595
19.1904029846
21.8141598701
16.0475740433
21.3228859901
10.9721591473
7.5566008091
0.582684993744
