1.26404500008
1.21073484421
0.108125925064
0.230486154556
0.364521980286
1.17438101768
0.622149944305
0.89542222023
0.822812795639
1.39391708374
2.51205301285
0.979285955429
0.896767139435
0.59007191658
0.568187952042
0.51377081871
0.974356889725
1.26930999756
1.23264098167
0.743720054626
2.08800601959
0.994240045547
0.908581972122
0.790063858032
0.659001111984
0.717977046967
1.88150906563
0.974698066711
0.904251813889
0.99790096283
1.29172992706
1.60298204422
1.50764894485
0.732677936554
0.475574970245
0.798897981644
2.58138203621
0.641505002975
1.86877703667
0.796329021454
1.64450502396
1.09016299248
2.47802901268
0.701258897781
0.760814189911
2.3642771244
0.935633897781
1.52519702911
1.3987300396
0.514572143555
1.80334401131
2.14820098877
0.863858222961
0.581034898758
0.512017011642
0.853657007217
2.60369110107
1.12624001503
1.41534519196
0.928495168686
1.39013409615
3.00070500374
0.844599962234
0.785046815872
1.36989998817
0.92095708847
1.10375905037
0.87136387825
1.48860788345
0.859717130661
2.03214216232
2.39774489403
0.801625013351
0.561167001724
1.43112421036
1.18333792686
1.3541431427
1.51057696342
1.00615406036
0.85834479332
1.92101597786
2.50699710846
0.647426843643
0.580622911453
1.3492910862
1.07934498787
0.80748295784
2.08305191994
1.47554087639
0.616510868073
1.21078014374
4.73319888115
0.638278961182
1.44427704811
0.874281167984
1.19172906876
0.72482085228
1.55534005165
0.648065090179
0.399473905563
1.26706695557
0.910961151123
1.59730887413
4.41595602036
1.17135691643
0.672449827194
0.823172092438
0.554874181747
2.16307997704
0.545781135559
1.7646279335
3.67841506004
1.20697498322
1.25080108643
0.998148918152
0.672731161118
1.29631114006
0.961551904678
0.695286035538
0.518778800964
1.73445010185
3.8725028038
0.687844991684
1.33219003677
1.02532410622
1.23310804367
0.909817934036
1.0368578434
0.852968931198
0.450424909592
1.58923602104
2.43118906021
0.883886098862
0.735883951187
0.90035200119
2.2704949379
1.44173407555
1.09845995903
1.51909685135
0.429666996002
1.45686221123
2.22826194763
0.78359413147
0.498299121857
0.73868894577
2.28809094429
1.16286611557
2.04031801224
1.44086408615
0.374251127243
1.53579902649
2.76514196396
1.50514411926
1.04348111153
1.34238505363
0.748324871063
1.6206870079
1.9588739872
0.418076992035
0.265155076981
1.68894791603
2.32604289055
0.76099395752
1.45662021637
1.5478849411
0.711067914963
2.18829393387
1.79682898521
0.456197023392
0.434333086014
1.45869398117
1.3359670639
3.14032888412
0.998771905899
0.642216920853
2.20847511292
1.45402288437
1.47981095314
1.05907297134
0.559602022171
1.41288614273
1.41412806511
0.311592102051
1.64910912514
1.35887098312
1.71500015259
1.59288620949
0.90382194519
1.30293107033
2.28321504593
1.67989492416
2.08435416222
2.31390380859
0.693957090378
1.07659602165
1.99310898781
2.03157305717
0.812216997147
0.787076234818
0.486991167068
1.44686985016
1.60997915268
0.674914121628
0.766752004623
1.39479589462
1.0470790863
1.44497418404
0.804403066635
1.26513814926
3.24867105484
1.73736000061
2.93833708763
0.676903963089
0.805827140808
1.12928295135
2.43564581871
2.00434184074
1.37800383568
0.378854036331
0.612675905228
2.45285797119
5.15326499939
1.13865804672
0.792320966721
1.39018297195
0.924340963364
1.30113196373
0.556014060974
0.687190771103
0.59415102005
1.57009911537
1.62051892281
4.3843100071
2.3551659584
0.879091978073
1.46688890457
0.559342861176
0.63996887207
0.477458000183
0.460896015167
1.41973185539
1.36010289192
0.284536123276
0.753752946854
3.51562094688
0.759396076202
1.87158489227
1.11602902412
3.38184595108
0.620407104492
1.57246804237
1.41952204704
0.872140884399
2.69078302383
0.713000059128
0.906222105026
1.24480319023
1.69957304001
3.3436331749
0.508858919144
1.53788900375
1.56457281113
1.74090695381
0.907776832581
0.572321891785
1.57775902748
1.6406981945
2.18517899513
1.94498896599
0.950330972672
1.58094191551
1.73623204231
1.7321228981
1.60946106911
1.07112383842
1.02732992172
1.71123194695
0.877564191818
2.82743811607
0.575943946838
1.20011997223
2.02676510811
2.00776910782
0.569020032883
2.2606549263
1.53502702713
1.88788080215
1.63998007774
0.37783908844
1.02058911324
2.50748991966
2.84191417694
1.11802005768
1.03813099861
1.5851559639
1.31629395485
1.28684782982
2.168186903
0.268261194229
1.08948206902
2.44696617126
0.438503026962
1.16276621819
0.825663089752
0.444039106369
1.43700790405
1.43018198013
1.00272488594
1.3303771019
4.10277700424
1.45250105858
1.68266892433
2.1049349308
0.943572044373
1.13914489746
0.987823009491
1.17568683624
1.57669591904
2.78109407425
0.924202919006
2.24956607819
3.15582084656
1.21951198578
1.69399905205
0.774933099747
2.12860989571
1.58402514458
0.676227092743
0.635329008102
1.04584503174
1.41721892357
1.3091340065
0.930001020432
2.7042028904
1.42304110527
2.15506601334
1.96453595161
2.04715299606
0.58312702179
0.657482862473
2.0018351078
4.36223101616
1.74301195145
1.76214385033
1.80307388306
0.609888076782
0.645156860352
0.386649131775
0.577339887619
1.02810788155
2.08086514473
2.26599097252
0.868211984634
1.61268091202
3.00185513496
0.766119003296
1.1590089798
1.70483112335
0.594544887543
1.21715497971
2.02014684677
0.123548030853
0.282999038696
0.762500047684
3.34808707237
2.13820290565
1.39495396614
0.944006919861
3.4514901638
0.533728122711
2.04148888588
2.32111907005
0.725373983383
0.855541944504
0.561307907104
1.4656791687
1.35736298561
1.84834694862
3.95130515099
0.343430995941
1.61741399765
1.71736693382
2.93009090424
1.12665700912
1.25398898125
0.961447954178
1.61615490913
3.00751209259
0.774044036865
0.431192874908
2.54921603203
0.666830062866
3.67409610748
1.33333206177
0.882747888565
0.631078958511
1.68443393707
1.95362091064
1.54399895668
0.387753009796
1.32303500175
3.11581015587
0.64554810524
1.26249694824
1.03154683113
1.12598419189
1.7219440937
4.05223894119
0.777077198029
0.167635917664
1.99276614189
3.26544594765
0.758254051208
1.32100915909
0.967927932739
0.795185089111
0.681054830551
1.16595482826
3.9253718853
0.619174957275
1.76766300201
5.72924900055
2.79865908623
0.761523008347
1.6345410347
0.559051990509
0.425190925598
1.05305600166
0.747906923294
0.166474103928
1.38820314407
2.25379610062
3.33084988594
1.02753305435
1.00363898277
1.85846400261
3.06965494156
0.887545108795
0.827440977097
0.170022964478
1.40116286278
3.44461297989
1.78367710114
0.994797945023
2.66188502312
1.06805205345
3.80474901199
0.566964864731
0.244281053543
0.266803979874
1.49103593826
2.23979282379
3.43559384346
0.932694911957
1.47287607193
1.45005893707
3.7130420208
0.847553014755
0.271927833557
0.260198116302
2.32733297348
0.82302904129
1.89120602608
0.516251087189
0.525312900543
1.75659298897
0.861106872559
1.72163319588
3.8117980957
1.45701599121
2.59052395821
0.422122955322
2.5365447998
1.20251202583
2.42844104767
1.71626591682
3.13094592094
0.634933948517
0.956321001053
0.293645858765
2.64226508141
5.43146395683
2.28601193428
1.78052711487
1.00725603104
0.702923059464
0.601734876633
0.446826934814
0.382318973541
1.21502590179
1.40416502953
1.66241407394
4.07620406151
1.61705493927
1.36362504959
1.19314408302
2.38444304466
0.456347942352
0.633785009384
1.12870192528
2.0486831665
5.48054695129
1.25153303146
0.593832969666
1.84181404114
1.80584597588
0.688849925995
0.676270008087
0.310847997665
1.60533308983
1.88746595383
1.34840488434
1.13826680183
3.27754616737
1.09645795822
1.98804092407
1.05658006668
3.89255094528
0.831690073013
0.449743032455
2.18473386765
1.23894190788
2.31135010719
2.38812279701
1.67489600182
0.687626123428
4.13644909859
0.794587850571
0.356028079987
0.274115085602
1.33910703659
1.5836379528
4.44437789917
2.71643686295
1.0153131485
2.27385497093
0.683254003525
0.679167032242
1.08184790611
0.244901895523
1.23105406761
1.34577894211
4.32828092575
1.72309207916
1.51312589645
1.05551600456
4.02532505989
0.918251037598
0.181313991547
0.48058795929
2.22146487236
4.55953812599
2.68454098701
0.774655818939
0.917513847351
4.01566100121
0.512361049652
0.46941614151
0.217345952988
0.16271686554
2.39737200737
0.978363037109
2.66382908821
1.37633109093
2.6854698658
0.935890197754
2.35182714462
1.34063506126
0.896769046783
0.508620977402
1.62925100327
5.64944291115
2.72830700874
1.69579315186
2.04550909996
0.581610918045
1.43854188919
0.265972852707
0.179797172546
0.116779088974
1.86094594002
4.84062790871
2.8223772049
0.954441070557
0.968777894974
2.90045404434
0.461297035217
1.03733992577
0.459388017654
0.135337114334
1.76219987869
5.19334316254
1.62275409698
1.11936402321
1.61241984367
2.87401103973
0.47158408165
0.716573953629
0.270862817764
0.615278959274
2.07834291458
5.63916897774
2.80275511742
1.33284187317
2.27945208549
0.771869897842
1.28501009941
0.331393957138
0.178704023361
0.0924258232117
