6.69042181969
5.40876197815
7.57115006447
10.089897871
11.2774350643
13.2940299511
10.1647601128
7.83045291901
7.24213409424
9.84227609634
10.4602761269
15.6599290371
12.4695630074
6.30992507935
7.33990693092
9.23474383354
11.8934979439
11.611479044
12.7885501385
6.54631519318
5.25191378593
7.14831590652
10.9586629868
9.48894786835
9.51996994019
12.6691901684
10.8722391129
9.68000292778
9.29395103455
7.4102909565
5.06832480431
8.94163489342
7.53234195709
12.3663878441
9.80043292046
13.5906479359
9.66563105583
9.91399908066
9.16982507706
6.50694823265
7.10328912735
9.64011287689
10.1167159081
9.52057790756
11.014988184
9.04135584831
9.53965306282
10.7219469547
10.5505740643
6.97481703758
4.86017084122
9.54858899117
7.48661088943
9.26700592041
8.72045588493
11.2876188755
11.1746139526
14.0901420116
11.116765976
7.52544212341
6.18840384483
8.67259097099
8.94784593582
13.086935997
11.4602868557
9.95039916039
8.24837899208
9.43431782722
8.82236194611
6.58551383018
6.72009587288
8.02408003807
9.20461797714
13.1183559895
9.99201989174
9.99372887611
10.5252218246
11.0351989269
9.76192307472
9.10997605324
8.15375709534
11.2651848793
9.64493894577
11.8285038471
9.76428198814
10.4000349045
12.6089789867
9.09338307381
6.03795790672
4.11981201172
7.94156098366
9.99776315689
11.7473950386
12.6476120949
13.5620069504
8.80670690536
11.2123360634
10.1599509716
8.67878985405
7.72897815704
9.33647203445
11.6040229797
9.07331299782
8.47473287582
11.8253920078
9.26574921608
10.7700009346
10.8482730389
6.99020695686
6.1312918663
9.98279285431
9.21761512756
10.5479660034
14.3308668137
11.0289289951
9.56774997711
10.5032148361
10.6724069118
7.00055599213
4.40567708015
7.27121806145
11.1508951187
10.4334979057
10.8613610268
10.7773771286
16.4538888931
8.95067501068
10.548915863
6.33047008514
5.86936497688
9.65128493309
11.9636619091
10.1012558937
8.7213139534
9.81459903717
12.9034130573
11.2998991013
10.2664921284
8.22592496872
8.17963194847
10.149944067
10.147947073
8.16897892952
13.028870821
10.7312960625
7.26744890213
10.6308529377
12.0729629993
5.83001923561
5.72575807571
7.67763209343
9.91506886482
12.4616868496
14.1820690632
11.6390590668
9.02966690063
11.3471610546
10.8926720619
6.11707305908
5.66218113899
8.61276698112
16.4202539921
10.4532330036
9.62917900085
9.25025105476
9.28623890877
10.8569390774
9.75468587875
8.33864092827
8.75495100021
10.0187768936
11.1842830181
8.54347610474
8.61214613914
10.8598618507
7.13551092148
10.3755581379
13.2373809814
8.34826207161
9.48160219193
9.70426917076
9.68633389473
8.72839593887
8.44447398186
10.9632780552
11.7430949211
10.3596150875
11.7471661568
7.37721800804
11.3076870441
8.62768697739
10.6808769703
8.54236602783
9.38119101524
11.0577330589
8.21028780937
12.21179986
14.0299048424
8.84792804718
7.78336501122
9.96495604515
10.080753088
8.46207213402
9.95181488991
11.3918669224
10.1164450645
9.92600703239
14.1566259861
6.29023194313
5.76558709145
8.79159903526
15.8056941032
9.9947988987
8.18695807457
11.5720460415
9.47776794434
9.84080815315
14.4409811497
7.05993485451
4.5824341774
8.70429706573
14.1566870213
17.1553621292
10.5922830105
9.88753509521
8.74538707733
10.2466390133
9.48833489418
8.17279195786
9.67887592316
10.4391131401
11.8394041061
10.1037940979
12.010892868
10.171859026
9.602175951
10.0089650154
9.31364512444
7.13813209534
4.89227485657
9.46948409081
12.6215820312
15.1379139423
10.9593889713
11.6095509529
9.41262507439
10.5043890476
8.53956413269
7.89189004898
14.8735368252
10.079690218
13.0528228283
9.86928796768
8.84898900986
11.9896969795
9.80809593201
8.49174404144
8.5645430088
6.81283092499
6.19339585304
9.20900797844
14.7385771275
9.48797893524
12.2551629543
10.6295390129
14.6194479465
12.2826330662
7.39409899712
7.38757300377
8.07464790344
10.6446299553
12.9034061432
9.27589201927
10.2399249077
12.3312101364
9.54795598984
11.2177460194
12.3111708164
6.48806810379
7.27322006226
7.92213392258
10.015444994
10.004543066
12.9498178959
10.2918179035
15.7781751156
10.4773650169
11.3376510143
6.35132718086
6.42463088036
9.43841600418
10.8974790573
9.84433102608
10.8887300491
11.3517057896
11.8428969383
11.356085062
10.8753988743
5.64753484726
7.93440794945
8.95036196709
11.1533820629
11.8631978035
9.13655114174
10.7636039257
11.2583220005
11.1471390724
10.8425049782
6.54011917114
7.44808888435
9.12077498436
9.2336359024
11.4854428768
9.89027786255
8.86531114578
17.3745360374
11.1377429962
12.6368191242
7.88022494316
11.2493550777
9.49107789993
11.5174021721
12.8952229023
8.56322312355
10.8619110584
10.542318821
11.2963268757
9.11437702179
7.85523414612
8.31947422028
15.8628919125
10.827848196
12.4384269714
10.39823699
10.7029361725
10.1228010654
13.2819640636
13.1260089874
8.65021204948
10.0052630901
12.8992710114
9.32302999496
10.355727911
7.80517220497
9.86609005928
12.7875730991
8.33151817322
13.7452809811
9.30802798271
10.2109818459
9.1884791851
8.81009507179
11.3087601662
8.49720096588
9.36757588387
10.1161129475
9.14622187614
7.31498289108
5.15261507034
9.09625601768
10.0350971222
9.20701909065
16.514827013
11.7730190754
16.3499100208
10.4734261036
8.82678604126
6.39710688591
6.24239110947
9.50327706337
9.35599207878
10.1049749851
16.4152979851
12.6761651039
11.8317649364
10.1292099953
8.98675298691
13.3375599384
7.67461299896
9.48283004761
11.2936449051
9.56623697281
9.69694900513
10.8579940796
11.5583629608
9.40302205086
10.3184359074
10.7580220699
11.5765709877
11.607088089
9.81373500824
9.68423604965
8.21589398384
9.21829986572
11.2510111332
9.39417505264
10.2831559181
6.48945188522
8.29175615311
9.68753910065
8.51609706879
12.4717679024
10.7900948524
8.27541399002
9.40143704414
12.8958580494
6.05478596687
8.62600183487
7.80059814453
12.8370699883
13.8745501041
10.9568538666
13.5549001694
10.0589559078
15.263614893
11.7550888062
9.8116312027
11.0697238445
10.148473978
8.85588598251
10.9461050034
9.94322896004
9.44089102745
10.3270819187
8.36807107925
13.2446069717
10.4755661488
9.16599011421
10.0272300243
8.18785095215
11.5164349079
14.6323699951
9.45555877686
8.01805710793
7.27553915977
5.80230307579
8.48559999466
10.7928729057
10.0783228874
12.2304091454
13.8357088566
8.90588903427
11.6351809502
11.481017828
8.00953602791
12.1079740524
9.12408304214
13.5140709877
8.56241893768
12.276930809
11.0145869255
11.7769711018
9.53555893898
9.93474006653
8.64490294456
6.78661298752
6.89863395691
9.92090392113
11.6347520351
13.4011149406
8.77492189407
10.0473561287
11.0647029877
12.5494349003
10.7348730564
5.1217250824
7.95473599434
10.5730521679
10.7637350559
11.044216156
12.4367721081
10.7144300938
10.0262441635
11.1950700283
11.8867549896
8.24919295311
6.12400102615
10.6972751617
13.3989670277
10.5560090542
8.82206296921
11.1487760544
13.6769461632
13.5975239277
9.8738629818
7.81659793854
13.4204540253
10.9171700478
10.3266489506
10.958206892
9.01554608345
14.3948318958
10.8506760597
10.6301059723
8.16600012779
6.59888100624
5.93520903587
9.19537401199
14.6787331104
12.5990719795
12.6257591248
13.137871027
9.13242602348
10.1493499279
13.4292390347
7.59601378441
6.3988161087
7.98924303055
9.81605792046
12.8634910583
12.716463089
9.93203616142
18.0605630875
9.19320893288
12.3318178654
11.0632169247
9.27406406403
9.32468008995
9.31113910675
10.0207588673
8.73738217354
12.4798660278
9.43856596947
9.93265199661
13.2325458527
17.2476928234
11.3040850163
10.0038099289
9.38477683067
9.62409687042
10.0777490139
11.9469590187
10.6794028282
9.58574295044
7.38767719269
11.0799529552
7.77301907539
11.0589158535
15.7956581116
9.9541618824
9.17399787903
10.9482359886
10.0090799332
9.2359380722
7.37554597855
12.632445097
7.90147185326
15.1870210171
8.81614089012
10.666383028
11.3080759048
11.2991969585
9.27862095833
9.69908595085
9.67817211151
12.8504538536
8.56959700584
8.92990517616
9.38605117798
12.2023220062
8.80112314224
16.0613739491
11.0474131107
10.9743571281
8.13589882851
5.86182999611
6.15112900734
8.15763282776
15.1702718735
8.90330696106
10.4900867939
11.8494110107
16.6621520519
9.84369397163
13.6070549488
9.24933099747
9.58832597733
11.0573680401
10.4723050594
9.7983648777
11.4939339161
9.69755911827
10.913918972
14.553194046
10.3175878525
10.5731358528
6.75037693977
9.48026585579
12.952078104
10.3780400753
9.49649405479
11.3864159584
10.9280729294
14.7713828087
10.6015248299
8.18601608276
6.19046807289
11.4513671398
13.05727911
11.0924768448
9.09709692001
9.87791395187
15.7409768105
9.63851499557
13.6287140846
8.54135203362
8.03304505348
9.0356900692
13.5367548466
11.4752230644
11.9406330585
16.7216880322
10.662774086
10.260641098
7.48823595047
13.8634400368
12.8544089794
12.3519198895
10.1018970013
11.5570309162
11.4837770462
10.9876458645
12.7501070499
6.49344587326
11.8444900513
10.6362030506
9.61206293106
11.1716861725
8.87988305092
8.84977602959
11.5295629501
10.9305961132
9.4368019104
15.2037739754
12.822811842
8.96024703979
12.567551136
9.86198401451
12.61292696
10.079529047
11.1056132317
10.3080239296
9.54007411003
7.1864669323
13.4566781521
9.56400918961
9.49618816376
12.6370420456
10.3976969719
11.3245038986
9.8468079567
11.8906230927
9.50029921532
6.98983192444
9.73731708527
8.56669712067
12.4810938835
14.5619029999
10.1004841328
9.84753894806
10.2292430401
10.3236279488
9.3117620945
8.29473090172
6.62342905998
8.59086585045
10.0883328915
11.7042939663
11.8432741165
9.54234600067
17.4692699909
11.348359108
10.2340939045
7.02256298065
7.72686481476
7.87993407249
8.26377415657
11.3078200817
11.1966948509
10.7157540321
14.0639631748
11.1979320049
11.5137000084
8.12971997261
6.2826628685
8.65448999405
10.1441018581
12.8638629913
15.2865710258
9.05068993568
15.3952269554
10.4815568924
10.1487269402
6.6377248764
6.21810889244
6.0691139698
11.0741388798
13.292206049
10.0686979294
11.2494571209
12.3662118912
10.065169096
15.2289011478
7.86689019203
9.54871106148
9.36541700363
10.338534832
12.8891000748
14.2806899548
10.2271101475
13.4114239216
11.0964148045
9.18850922585
7.99598002434
14.3726298809
11.2747840881
9.71905303001
11.0153348446
9.49215292931
11.2582919598
10.3525230885
10.78982687
10.1196269989
6.39293909073
7.80076003075
8.12584614754
16.2880489826
8.69652700424
12.0718860626
9.01138615608
14.5252780914
8.77714586258
9.7572259903
9.38798093796
7.78350305557
8.10370182991
16.9201159477
10.5208349228
13.5033462048
9.89508414268
10.6198551655
9.83855485916
11.5042359829
6.69987487793
16.9773578644
9.37222909927
8.92109298706
9.03816914558
12.440076828
12.134770155
9.49217104912
9.62907910347
11.7645740509
8.56550192833
9.89070987701
8.70090484619
9.22788214684
17.5340950489
13.2034900188
8.92479896545
10.8387241364
10.1351239681
9.97823691368
5.50457811356
5.83973407745
7.0715880394
10.6444959641
11.0346610546
12.6138010025
14.2679920197
10.136070013
10.2710030079
12.6228108406
11.0846168995
15.4197499752
9.95540308952
10.171061039
9.05330920219
9.5072760582
11.0471429825
9.28815698624
9.78646993637
11.851238966
9.21812796593
6.8932659626
14.1076760292
13.0832519531
13.8592369556
9.74477696419
11.3488299847
12.7373528481
13.5174179077
8.68718218803
5.6966650486
9.73120903969
6.74603509903
9.42355108261
14.1646239758
12.8045969009
8.72489595413
11.4637498856
9.66820311546
15.0330269337
9.69934105873
11.4872150421
11.0426280499
12.719080925
12.8209879398
9.50105285645
11.1266191006
11.2269001007
9.54472589493
8.6678609848
5.98878622055
13.5077018738
8.84610414505
10.1276857853
8.87648320198
11.0140140057
11.4767911434
10.7640190125
10.6848099232
13.1408340931
8.52230191231
11.4646129608
9.56845402718
10.6057472229
12.2988379002
9.70141291618
12.4472258091
11.8561041355
14.0446438789
8.38072395325
6.34378480911
13.1574971676
8.18477106094
10.8785970211
9.27130317688
9.53293204308
11.0015609264
10.4738650322
11.6144318581
11.1162269115
11.8316738605
15.8408820629
15.3126249313
8.94335198402
11.421489954
9.6934940815
8.15733909607
10.7586088181
8.91425490379
8.64504003525
6.70909285545
13.9133918285
8.41924190521
9.63103508949
10.1641020775
10.8485581875
9.43808293343
14.9716610909
10.619549036
12.0264790058
10.9878101349
6.2233850956
8.1746199131
10.0430130959
13.0435159206
12.7777340412
11.0369188786
15.6419129372
15.468034029
8.26126003265
5.70859599113
7.96681499481
14.4465649128
9.92377114296
10.3378119469
12.4388389587
13.348097086
8.83620595932
11.3077731133
16.1193649769
6.107681036
10.965515852
7.99346899986
9.75594592094
9.27368378639
13.3459231853
13.0723478794
10.8517920971
9.7159640789
9.28908014297
11.8039371967
14.2742409706
9.7859609127
9.09991979599
18.2562260628
11.9451370239
11.031596899
11.5365068913
13.7076010704
11.2118580341
18.0730340481
10.790927887
12.4260599613
9.26305294037
12.2648808956
11.4579200745
10.5564599037
9.95540785789
10.1853868961
6.0486779213
10.3441519737
10.9721889496
11.0767328739
9.1112139225
12.2119960785
9.31119203568
13.6387770176
11.1175420284
10.794342041
8.29306292534
12.5642311573
8.62625193596
14.7219581604
11.8187148571
11.0248818398
15.4459860325
9.45904898643
9.57535195351
7.9944319725
6.0423271656
18.0578939915
10.4094059467
12.2657530308
10.16868186
9.28939199448
11.0198948383
9.85427498817
9.23802495003
13.1793429852
8.0018851757
7.31757998466
17.030148983
10.4964928627
12.3331849575
11.3446400166
11.2449729443
11.455491066
10.6961920261
11.5551440716
8.55172014236
14.2679741383
10.5955760479
12.1771039963
10.5788581371
10.8317539692
9.87629318237
8.57162213326
11.4757618904
10.6059579849
8.29190587997
17.2299981117
9.88397192955
13.3585181236
9.54458117485
8.92973399162
9.88738679886
12.1361269951
11.1950139999
9.83037495613
8.14939594269
7.41283512115
8.28004908562
14.5500979424
12.1706750393
11.9133131504
9.85122013092
16.5517010689
10.4905281067
8.29195189476
7.78376507759
4.98317098618
9.09675097466
9.97371578217
11.6797230244
12.5342299938
12.6439509392
9.18728089333
12.4296181202
14.7677249908
11.0063560009
9.99797987938
9.68363690376
9.94847488403
15.3855412006
10.5008468628
11.3234581947
11.2504379749
14.1749532223
8.35731506348
6.42620182037
19.2586610317
10.9000999928
12.414000988
12.1981468201
9.91138195992
8.66902709007
9.20510196686
9.70374393463
7.37734389305
6.93289995193
9.22841310501
7.97703695297
16.0394058228
10.7229099274
12.4557731152
10.4847939014
11.8108971119
9.5317299366
11.0108678341
8.98240995407
10.2335538864
8.42859101295
11.8959770203
15.7731778622
15.0034580231
11.871101141
9.72615599632
10.5946218967
8.27731490135
4.98010706902
11.6237010956
9.80842113495
12.1738350391
9.66513085365
10.4567940235
11.5351622105
8.79900193214
11.2031540871
12.9962110519
9.18412089348
10.3643059731
9.48852396011
9.57990002632
15.4463059902
8.99674892426
9.74673104286
17.065967083
9.82222795486
8.02867102623
8.95626997948
9.24459314346
7.55392098427
9.77633213997
11.8213419914
9.31479597092
13.5770828724
19.0805752277
9.67513585091
13.0654821396
8.85183501244
12.1143839359
11.1974170208
9.026927948
10.7532119751
11.4267020226
10.9402198792
13.0853018761
12.1874041557
9.17651510239
8.19818782806
16.9602530003
9.40082383156
12.2802011967
10.7200260162
9.33550810814
12.4021577835
9.75857806206
9.17851901054
11.3864078522
6.44462490082
6.83431696892
8.52220511436
12.1516098976
10.6012330055
12.9152829647
11.2413978577
14.2346251011
9.99772191048
9.15686297417
12.177218914
7.88697004318
7.90711903572
11.4445028305
13.3544988632
10.0345261097
10.7919471264
11.7290818691
10.3123869896
11.1272449493
13.476847887
7.7185049057
9.1432390213
11.8277230263
11.0091490746
9.67098903656
11.910640955
9.06403398514
10.2136199474
10.1390340328
12.9778568745
11.0948541164
10.9440808296
10.4527220726
10.9901399612
10.4820380211
12.6518089771
11.265871048
9.28044605255
12.3489148617
9.12522101402
10.0560541153
9.18236303329
10.4895129204
14.3439259529
12.3547940254
9.94403386116
11.6744990349
13.3174262047
8.15970396996
8.8490550518
10.1565580368
10.0404949188
9.65071892738
9.67721295357
12.98686409
11.5156600475
12.7129359245
10.9776000977
14.0950050354
8.65693807602
14.6397440434
10.9521651268
11.7321941853
10.3277819157
11.3255720139
11.0370819569
9.5330760479
10.4972250462
8.69087481499
13.5623979568
13.017731905
8.49935078621
10.4493479729
12.516546011
10.5302698612
10.283146143
10.6701960564
10.2986578941
15.994024992
6.55026388168
13.9164619446
9.53678512573
10.1910698414
17.0896370411
14.7678079605
10.4091389179
11.8344180584
11.0781829357
6.88035392761
6.56743693352
13.561093092
8.56484603882
9.1327290535
11.0201659203
9.18174791336
10.9431889057
15.1885330677
15.2379279137
9.56210207939
6.04801011086
22.8116261959
9.70759892464
9.10678100586
9.54877305031
9.98882913589
9.65593194962
10.3850228786
11.9536299706
7.72662115097
6.94536089897
7.56628084183
6.27199816704
9.14343190193
9.91670203209
17.5569610596
11.2549450397
16.4669849873
11.1212129593
14.3361980915
9.87823605537
5.50701999664
6.4656701088
10.8503661156
11.5630209446
11.7855257988
11.8940918446
15.3667178154
10.3835611343
11.8844389915
13.3797149658
20.7246568203
10.4595072269
11.3439149857
9.0448679924
11.1493389606
15.594618082
13.4685108662
8.71065211296
5.03067302704
3.66755199432
17.6096761227
10.9810800552
11.3441910744
9.93348002434
8.83420205116
15.1216299534
9.15830016136
11.3044509888
11.3989551067
3.59010505676
18.2061839104
9.21411705017
11.2166349888
11.2104480267
12.681622982
12.4778339863
11.7605669498
14.2799479961
10.693680048
2.08201694489
12.9837360382
10.7979300022
12.0205819607
10.170541048
11.8273799419
11.8453929424
11.3676431179
13.0542290211
9.34317398071
5.128510952
11.5124599934
11.0842990875
13.2197380066
14.4443109035
11.4997000694
9.20640492439
11.2777161598
10.2050230503
7.52740311623
8.07462096214
11.2769620419
8.22053718567
12.3336908817
12.3697519302
12.0546879768
9.54746007919
8.82009196281
10.5714809895
16.8097989559
7.67577886581
17.8514630795
8.84296894073
10.1973359585
16.0027849674
10.3250849247
15.7470428944
11.5346050262
9.2847161293
5.82330489159
3.34270811081
18.1422498226
10.7039070129
13.7744848728
13.8337881565
10.1923789978
9.85620903969
10.6852271557
11.3192648888
8.27761507034
2.14749908447
12.2107269764
9.58139681816
11.0829949379
9.86975884438
14.8299751282
11.870898962
10.1641299725
11.5449328423
9.04962611198
5.27291989326
17.3357269764
10.7195501328
12.9983680248
11.7565190792
10.1655299664
12.9593410492
10.5002949238
10.4679701328
8.73437619209
2.89430189133
22.4021987915
14.2056870461
10.6744101048
12.0216910839
10.5644209385
11.1772940159
9.17081999779
9.99876403809
5.53013086319
3.76999807358
13.904654026
11.3600349426
11.3720109463
16.6028251648
11.3815751076
12.3096868992
10.5537679195
9.68880319595
9.00778508186
3.50626587868
23.0825808048
8.90246701241
10.2630159855
12.2648320198
11.38362813
9.62087488174
9.33362698555
15.2600538731
5.84866404533
3.60626006126
8.60631084442
11.7307949066
10.9532868862
11.7090749741
14.1940050125
12.8143410683
16.4002869129
9.17594599724
13.5238389969
6.90002202988
21.2754869461
14.5702519417
9.13909602165
9.37174797058
11.0956289768
9.73185300827
10.3272697926
15.0280480385
5.39438700676
3.69052600861
12.7131929398
9.74136900902
10.8109281063
9.22897315025
9.15311694145
10.3275709152
15.541670084
12.7512259483
11.970072031
7.41631007195
19.7136449814
8.96458387375
18.0175719261
13.284113884
8.66151404381
8.95715713501
9.4335911274
9.50210094452
6.68986296654
6.28953003883
16.8468689919
9.68467187881
12.836206913
13.9965751171
9.47424483299
11.740541935
11.6427598
13.4076480865
7.9938750267
6.01637601852
15.6770830154
11.0081300735
9.76209402084
14.7362780571
10.1159088612
11.9186508656
11.0363788605
15.3499400616
6.89424514771
1.98703503609
15.8460409641
9.23166108131
9.77675509453
10.2216989994
10.5908257961
19.1451468468
10.0432579517
15.4582800865
6.80999398232
2.31435608864
10.1703658104
8.85079693794
11.7896449566
14.5864081383
11.3026530743
17.2593669891
10.7846469879
12.142026186
5.93835687637
6.73929095268
14.6838908195
10.6102130413
10.1920340061
9.56827902794
12.0468289852
11.2809360027
11.8675379753
13.6060919762
9.44390892982
8.43948292732
15.349519968
7.83553814888
10.4812729359
17.863681078
13.0579321384
10.2598791122
11.648663044
12.0105440617
14.7681810856
1.56643080711
21.1463499069
11.0529031754
10.7054700851
12.5266258717
11.0512309074
10.2639930248
9.67971420288
12.819065094
8.97341394424
2.42320799828
20.5537347794
11.3046770096
8.17927789688
12.4371390343
11.5049200058
7.88887691498
10.9747848511
10.324411869
7.92472100258
8.64307117462
18.3233830929
10.4914050102
12.0285818577
10.2733058929
12.8778159618
8.87169694901
10.6416180134
10.2812101841
14.8349061012
1.44349312782
16.0847859383
12.7345690727
13.4567079544
11.0594670773
11.7682759762
11.9316120148
10.4315290451
10.6152870655
9.07927298546
2.86445713043
19.2094020844
11.4324641228
14.0665340424
9.26788902283
10.8519711494
10.2971749306
9.68628621101
10.3519351482
12.264674902
2.89281105995
5.92956781387
7.71587920189
10.7175090313
10.7993760109
13.3829419613
9.49489784241
17.2265942097
10.0209100246
15.982352972
9.37232589722
16.0462260246
10.8708570004
11.3419258595
12.6534929276
10.7645869255
14.5351788998
10.662402153
10.4405140877
6.44335198402
7.31318593025
16.8261351585
13.2470049858
12.4960849285
11.6392529011
10.4851779938
11.1982390881
11.3527770042
9.26911592484
7.02449798584
6.78659892082
15.4128599167
10.4762780666
10.0956771374
10.2138679028
10.4640290737
16.9015660286
10.0070550442
11.9590270519
8.17292499542
7.01818203926
21.0578150749
13.4769799709
10.7130618095
13.051019907
16.8377389908
10.4844059944
9.56503391266
9.45867705345
4.86637711525
1.34036397934
22.640417099
10.6513500214
9.45948791504
11.482489109
9.6873459816
14.9800920486
10.1943161488
13.0556550026
6.59023308754
1.34777092934
14.0997481346
10.2551600933
12.3586640358
15.9804987907
11.1019048691
15.176295042
10.519949913
11.6953370571
7.97194695473
1.34150481224
22.2511110306
12.6523449421
13.619107008
10.1278448105
10.4383468628
11.8531332016
15.4752161503
8.37504911423
4.3593609333
1.52996301651
19.8435559273
10.0250749588
16.9075460434
10.8939898014
13.2238550186
9.43841314316
9.66645097733
13.0950849056
7.74098110199
0.231460094452
19.9819140434
9.25794291496
10.7556700706
10.6030368805
12.7086319923
16.2179911137
8.94875597954
13.8353729248
6.27832007408
1.45698213577
23.8138408661
11.2476451397
13.6374380589
8.38418292999
15.6926820278
10.4320180416
11.5499889851
6.51833105087
9.43726992607
0.642426013947
15.6093070507
13.6756827831
17.4291357994
14.5458819866
11.6999177933
8.9716091156
14.3498771191
8.08861088753
4.89169812202
1.37563490868
19.2672240734
10.7470901012
14.541795969
8.16361808777
11.4214608669
14.4752328396
10.7420530319
14.0283710957
6.84038710594
1.11284208298
23.3309969902
13.5323081017
14.2490110397
12.5950131416
15.7205450535
9.44076609612
10.4834530354
8.33050084114
2.86467695236
0.838083028793
23.0689270496
13.1324710846
16.0852780342
10.1678509712
15.2636210918
9.3702352047
9.94527196884
9.25897693634
3.21544981003
1.84198904037
21.1142568588
12.9832029343
11.402146101
10.9999120235
15.4652431011
10.4234089851
10.9192659855
13.469575882
2.27843284607
1.15334200859
16.1434857845
14.6800510883
11.0362708569
10.908383131
10.6570179462
12.9573440552
15.0476469994
9.35220599174
8.14939618111
1.42634296417
19.0396850109
10.9710559845
16.7630009651
14.3297309875
15.1823949814
11.7759709358
10.7307679653
5.7094669342
5.4665119648
1.64629507065
22.1884479523
10.8428828716
8.87772583961
11.1825737953
12.695702076
11.0845811367
15.7188661098
9.35394001007
7.34904885292
1.99018788338
23.3278019428
12.2940700054
13.5078189373
8.55098891258
15.189593792
9.95752501488
11.9466559887
9.76730394363
2.30881118774
1.80424404144
