3.58394813538
1.94404411316
1.63185691833
1.20238184929
2.44107699394
1.5118098259
1.72082519531
1.93146514893
1.78903579712
3.42322707176
3.25619697571
4.11044502258
1.57355713844
2.03135108948
1.77714204788
1.17675018311
1.96813607216
1.85070204735
1.98267292976
3.3549990654
3.06023001671
3.46118116379
1.42835593224
2.07238888741
1.45204496384
1.95124912262
2.44443702698
1.66290092468
2.48059201241
2.83910608292
2.51898288727
2.13076901436
1.82813000679
3.31101298332
1.68050503731
2.26341891289
2.23143482208
3.34434509277
1.91947388649
2.69893908501
2.9344329834
2.67448782921
2.55235290527
2.63313102722
3.84768676758
1.82252383232
2.23819708824
2.44140195847
1.8550992012
1.4303560257
3.29609107971
4.43704891205
1.97685003281
1.86248207092
1.83931493759
2.94297719002
1.27477097511
3.60861587524
1.74854898453
1.42491889
3.0993309021
4.22989702225
1.4344727993
4.90544486046
2.55615496635
2.65324616432
1.63643097878
1.53877687454
1.80977106094
1.92939710617
2.59290909767
5.04278802872
1.0378370285
2.71762490273
1.81492805481
1.61638879776
2.75764799118
3.41995501518
2.4514567852
2.43551898003
2.99107289314
3.43717217445
5.00847196579
2.01326799393
2.48037981987
1.71588516235
2.43073391914
2.22502207756
1.9211640358
1.89320611954
2.8106110096
3.00842094421
1.14110517502
3.23798012733
1.45756697655
2.84594106674
1.97711110115
3.12966799736
1.76923298836
3.41053795815
4.27707314491
2.82750701904
2.11250185966
3.78309798241
1.6884958744
2.38818097115
2.42790007591
2.09097886086
1.78917884827
4.15808486938
2.63145685196
5.08846712112
1.94529795647
2.96044397354
1.2091190815
1.88318800926
3.81004405022
3.30306196213
2.54831814766
1.76250505447
2.80657720566
4.1619811058
4.52163004875
1.54957890511
2.02009797096
4.01319098473
2.6283800602
1.5213830471
2.11731719971
1.72626900673
2.62566018105
2.61519408226
3.10956692696
3.90199494362
1.8141579628
2.45550704002
3.2127430439
3.02156615257
1.65882897377
1.63329005241
2.9843108654
3.9928150177
3.83939409256
1.97878408432
1.85963892937
3.07729387283
1.60218405724
3.11804509163
2.93252205849
2.24205589294
2.49580001831
3.29181909561
2.58628416061
2.47830605507
2.68521595001
1.87227296829
5.04383420944
1.67739510536
2.71398878098
2.82085609436
3.45766997337
2.25932598114
4.1958398819
2.47327613831
2.40039086342
2.80826997757
2.25286698341
2.42272806168
2.28923511505
3.10774111748
2.58633208275
2.83844995499
4.05808711052
2.92270302773
1.96095490456
1.51307606697
3.51128196716
3.45915293694
1.62389802933
1.86364197731
3.36454606056
3.22768807411
3.39930009842
1.37974596024
1.76565694809
2.74872303009
2.47794294357
3.30891990662
2.07479190826
2.47358608246
2.8749320507
2.92910695076
2.87689590454
4.46004319191
2.61145401001
1.79299283028
2.28332996368
2.30651497841
2.15228486061
2.76885294914
3.68194699287
3.76657819748
0.826536893845
2.21134996414
1.66444015503
2.84573483467
5.21775102615
3.65847706795
1.43585681915
2.59304213524
4.23040604591
2.57569098473
2.68419790268
2.40684318542
2.49192810059
1.93366098404
3.59145402908
3.97283411026
3.23517608643
1.4626250267
3.70334792137
1.34572291374
3.70021104813
3.78331398964
3.73868894577
1.7998509407
2.25446510315
3.10605406761
3.37314009666
2.21253013611
3.52265381813
2.38954997063
3.35699391365
2.48345398903
3.94105505943
1.76307296753
3.23030805588
2.60869598389
2.95233392715
2.28543996811
3.1511080265
4.48795604706
0.863301038742
2.68698716164
3.45381402969
4.18953704834
3.11447811127
2.66814398766
1.79360294342
2.57984685898
2.51951909065
2.56433701515
2.56397891045
2.79602813721
2.10872793198
1.62669897079
2.5106139183
3.1910879612
4.8718020916
2.54374217987
2.96340703964
3.51961398125
3.08513402939
2.94036602974
0.874010801315
1.90162301064
4.4123108387
3.81127905846
3.52527213097
1.67883300781
3.04100799561
1.33458280563
5.3315911293
2.98674988747
3.64387083054
3.39987492561
1.62228298187
2.33559584618
3.57695484161
1.34968185425
2.48624706268
3.65465092659
3.38161611557
2.31269788742
2.12468194962
2.6731159687
3.10257792473
3.94771385193
2.38277101517
2.80351805687
3.48330998421
2.63352894783
2.74608206749
2.41409802437
1.99858903885
2.79870390892
2.60822892189
3.01195693016
4.47121191025
2.74297904968
3.30553793907
2.71446084976
5.48065400124
2.14658498764
2.14767098427
3.89895892143
3.13829708099
2.4994969368
2.16342377663
2.74698495865
3.14848780632
3.26885080338
1.83860492706
4.15233898163
2.30252885818
2.72593712807
2.42940616608
3.24819111824
2.69361400604
1.95737814903
3.67960691452
4.05755090714
0.871802806854
5.4274520874
2.43305587769
2.12986683846
2.27089500427
2.73504304886
3.64469504356
1.76699280739
3.32474303246
1.70431900024
4.27093696594
3.60604000092
3.28121495247
3.27314019203
2.11109685898
3.08776688576
2.58987903595
1.80405306816
3.4075729847
1.30394697189
5.40528893471
2.12434101105
2.579185009
2.88986182213
3.2846019268
2.79317593575
2.40161395073
3.02271795273
3.57649898529
1.18716716766
5.04819202423
1.6239798069
3.3722949028
2.69584178925
3.0520670414
1.72158193588
3.44995808601
1.89950084686
3.35092401505
3.86346101761
2.71479105949
2.40128898621
3.01739501953
3.0555100441
2.67419695854
1.52962207794
2.46203184128
3.41578602791
3.65197587013
3.10798501968
2.66564297676
3.62647104263
3.15876984596
3.04976701736
2.30973911285
2.35613703728
1.87430691719
2.16520500183
2.81910991669
4.90942406654
0.734471082687
6.70282292366
5.15481209755
1.77445101738
1.45216298103
2.86730790138
2.00219106674
1.04236984253
4.32769799232
3.40180110931
4.46259498596
1.19221615791
1.90560698509
3.32840299606
2.76786804199
3.49446511269
1.51380705833
3.78013181686
3.43717908859
2.69865083694
4.73455500603
3.53771090508
2.18731784821
1.38851809502
2.9244120121
3.82595801353
1.75136804581
2.29630303383
2.83129501343
5.43072295189
2.95505619049
1.88236379623
3.8355679512
2.10432314873
4.20128703117
2.36876106262
1.31129598618
1.12378501892
2.56694507599
4.03648710251
2.10457706451
5.38585305214
2.06177210808
2.30751895905
3.08131599426
4.01959204674
2.07295489311
2.06496810913
2.65850615501
2.49428200722
2.48592209816
3.8137319088
2.43708491325
2.6533138752
4.05245900154
3.30960202217
2.53679013252
2.54119586945
2.89247918129
2.4731400013
2.41135501862
5.00640177727
2.42206311226
2.90179014206
2.61635994911
1.44256711006
4.24616193771
2.09933304787
2.97997093201
3.05810403824
1.37846016884
4.93616199493
1.73167705536
3.53094983101
3.32784795761
2.11758995056
2.71954607964
2.70916795731
2.85301589966
1.80219292641
2.96426796913
5.49468898773
2.64977502823
1.61329579353
2.43665099144
3.79564189911
2.61076211929
2.6199798584
3.92164993286
4.56213903427
3.92538785934
2.68133997917
1.73327612877
1.58733296394
3.53857493401
3.88966202736
2.17359089851
1.42971110344
3.09914183617
2.68630599976
3.90638589859
2.94623804092
2.71151685715
3.52514600754
3.97869300842
2.29296183586
2.46368098259
1.47607588768
3.30344390869
5.50664782524
2.60161304474
0.849990844727
3.1017370224
2.15752005577
3.1824119091
4.11533308029
3.57754182816
0.676635026932
3.80480384827
5.24529099464
2.02080106735
2.55009198189
3.41998195648
3.28989291191
1.43288588524
2.0145008564
1.82946801186
3.15400290489
2.91230893135
3.69932198524
2.10463309288
6.73875498772
2.38637304306
2.89239811897
3.66080403328
2.7271270752
2.26397514343
0.918832063675
2.76406908035
3.61362099648
3.00198602676
3.36634397507
2.67472982407
2.9475300312
3.65009689331
2.19754600525
2.50297212601
3.43269515038
4.41808986664
4.29101109505
2.29642605782
3.16638278961
2.33025312424
3.83009409904
2.08750987053
2.07479715347
2.31146502495
2.19560408592
3.60871720314
4.88544893265
2.2074971199
1.80068707466
2.83161592484
3.07909703255
1.96335792542
3.96350598335
1.64841604233
3.27964496613
2.30780482292
2.12333703041
3.65096712112
3.55833315849
1.71772813797
3.78827285767
3.52946281433
1.3966178894
3.66655111313
3.34528183937
4.62316203117
3.31590890884
3.07237195969
1.48384213448
2.59455800056
1.83328795433
3.19836592674
4.36229205132
2.109801054
2.2477657795
2.76597809792
3.64824819565
2.22131896019
6.49201798439
5.17561388016
1.58357191086
1.69269800186
2.27648305893
1.94153094292
2.5370388031
2.76613497734
3.45122790337
2.52514910698
3.99074292183
1.98988509178
1.85030293465
5.25508189201
4.12104296684
2.26374793053
2.84429192543
4.41656208038
3.67728710175
2.7965669632
1.80573511124
2.41666984558
5.4562330246
2.26844120026
3.74615502357
2.26037788391
1.86698389053
3.84529304504
2.6520550251
2.62071609497
2.09087491035
2.43231606483
4.32624912262
4.09967398643
4.25658082962
1.9998061657
0.741918802261
1.68311595917
7.6789598465
3.31613898277
2.19294691086
3.69116091728
2.8018591404
3.11018705368
3.69852304459
0.585067033768
0.503456115723
4.88528513908
1.94897603989
3.20337295532
1.72015714645
2.02816104889
2.95986104012
3.02370810509
4.51769304276
2.007117033
3.03001904488
3.79110193253
3.97237205505
3.72904396057
2.57096910477
2.88833594322
3.12192106247
3.66841316223
3.12114310265
2.5636920929
0.494364976883
2.73575687408
2.99210715294
3.26645898819
6.61815690994
3.05562090874
3.06015205383
3.91408205032
1.74945187569
1.66342782974
1.76698899269
2.97675704956
3.37026500702
2.75451588631
3.27422118187
2.06581306458
3.01669883728
2.53563213348
4.30616593361
2.53678607941
2.00132608414
3.04109406471
3.3792309761
1.21382594109
5.85242700577
2.44785094261
1.76642894745
2.56214809418
2.67647600174
3.22136092186
3.23998808861
2.89810490608
4.91183900833
1.33020806313
6.23453116417
3.37995886803
2.05110216141
3.09731411934
3.65945696831
1.75881481171
1.62476301193
3.43798494339
3.82062220573
6.57700204849
2.30032396317
3.37846899033
4.98621106148
2.10015177727
1.50281405449
0.685497045517
0.411903142929
2.66247701645
3.98027706146
2.8430249691
6.2665450573
3.5070309639
3.68760704994
3.06747508049
3.87362599373
0.810894012451
0.545030832291
2.87474703789
3.28467392921
3.48079800606
3.17297482491
2.70471715927
5.54346513748
3.37806510925
2.33921408653
2.69482803345
1.7895720005
3.79940295219
3.03028893471
0.863290071487
5.99441003799
3.09840798378
1.85298395157
3.95053982735
3.89837288857
2.7457549572
0.712265014648
3.01930499077
4.93474602699
4.06222319603
3.87059617043
2.05400586128
2.83408212662
2.8711540699
2.60258698463
2.44659304619
2.19078087807
4.1807820797
3.5341770649
2.62969303131
3.04570412636
4.19290685654
2.35959815979
3.14912009239
2.19426703453
1.91876602173
2.16967797279
3.91081595421
3.40194201469
3.85849285126
3.49856996536
4.45162296295
3.79396009445
2.23508095741
2.80197811127
1.45929789543
0.657297134399
2.56726908684
1.83971691132
3.4619679451
6.08725380898
5.26087093353
1.98458981514
4.11493778229
2.32663607597
1.68951201439
0.551340818405
1.99096393585
1.25981092453
4.62331390381
3.9595310688
2.85523986816
2.61793208122
3.82207798958
3.06626701355
1.88302183151
3.6661028862
2.95697498322
6.30205392838
3.21723604202
2.47016119957
3.39674019814
3.17039394379
2.54108309746
1.71463394165
2.19581198692
1.97171401978
4.46099305153
4.82918095589
1.67529392242
2.98927211761
4.35912704468
2.10482096672
2.47043395042
3.10339283943
1.92664384842
1.94157218933
4.09537196159
2.23974108696
3.22671794891
4.43590188026
2.44798588753
2.88072705269
3.39536595345
3.77905607224
2.56934595108
2.4491250515
3.405189991
4.3536298275
3.91755509377
2.20443606377
5.08372092247
1.55858421326
1.77784514427
3.90148019791
3.10332298279
0.421303987503
3.17806601524
5.03523087502
2.95157909393
2.33018803596
4.34162187576
3.2217259407
3.47246098518
3.15953397751
1.38049197197
0.778092861176
4.43647503853
3.15468287468
3.88834786415
1.73736405373
3.63816905022
1.99595189095
2.7914390564
2.15472698212
4.44896793365
3.54955601692
3.20504117012
4.98991107941
2.95980501175
1.38859701157
2.49574780464
3.22468113899
3.36081314087
2.36310005188
2.67376613617
3.25809001923
2.6582942009
5.11188483238
1.24427509308
5.56312799454
3.88533997536
3.37402892113
2.55747318268
3.18407607079
3.59709000587
0.150170087814
2.93028402328
3.12115192413
4.05980205536
3.33899903297
4.07433891296
2.39082813263
3.63677191734
2.67195892334
1.46646404266
2.78166389465
3.84134197235
1.74309301376
3.69263100624
3.46947598457
3.41942501068
2.10264492035
1.8696410656
4.07223415375
2.46546888351
3.31118297577
4.67941999435
2.83698511124
6.16886901855
4.08430981636
2.17013692856
3.95655322075
2.64207792282
2.64483499527
0.582540988922
0.191992044449
3.09512591362
7.60715508461
1.6928589344
2.58911705017
3.64205002785
3.94693112373
2.82218194008
2.5888209343
2.88302016258
0.690215110779
4.74702095985
2.36885881424
5.81712508202
3.51259589195
4.30341410637
2.66391992569
2.02886009216
2.97539806366
0.711313009262
0.945152044296
4.23627305031
2.6388361454
4.84300398827
4.25033688545
1.84506678581
3.1564450264
3.50035309792
3.08326888084
3.86009788513
0.164622068405
