0.21933889389
0.223876953125
0.346499919891
0.533642053604
0.241473913193
0.548165082932
0.0654969215393
0.142569065094
0.151782035828
0.173486948013
0.394156932831
0.447395801544
0.0807762145996
0.216315031052
0.30052781105
0.461342096329
0.0580720901489
0.216245174408
0.139783859253
0.19843506813
0.409793138504
0.340736865997
0.758349895477
0.469634056091
0.0440001487732
0.06924700737
0.0853228569031
0.188051939011
0.151780128479
0.225471019745
0.633761167526
0.378036975861
0.120400905609
0.105279922485
0.162255048752
0.552700042725
0.153730154037
0.197273015976
0.12043094635
0.221789121628
0.440992116928
0.382738828659
0.680541038513
0.502247095108
0.221211910248
0.163390874863
0.0834181308746
0.141230106354
0.0494709014893
0.062059879303
0.584398031235
0.901988983154
0.606976032257
0.0669021606445
0.185889959335
0.212649822235
0.102473974228
0.0436069965363
0.0711228847504
0.201107025146
0.443284988403
0.832309961319
0.658190965652
0.117525100708
0.113153934479
0.280297994614
0.166757822037
0.093444108963
0.186528921127
0.151283025742
0.369203090668
0.254911899567
0.444142818451
0.220811128616
0.289578914642
0.212553024292
1.21644616127
0.244994163513
0.0596468448639
0.230775117874
0.606028079987
0.191405057907
0.56458902359
0.279010057449
0.094908952713
1.1815700531
0.102893829346
0.0779337882996
0.329802036285
0.56433391571
0.375946998596
0.267160892487
0.584994792938
0.177640914917
0.36559510231
1.22901391983
0.181736946106
0.150079011917
0.349237918854
0.301507949829
0.616333007812
0.308059930801
0.356300115585
0.225259065628
0.511308908463
1.37396502495
0.121242046356
0.491438150406
0.163602828979
0.0608439445496
0.488639116287
0.509067058563
0.127909898758
0.103365898132
0.218109130859
0.29026389122
1.45842790604
0.243489980698
0.215713024139
0.426349878311
0.547127008438
0.435132026672
0.71358704567
0.289889097214
1.20581293106
0.236996173859
0.150028944016
0.472477912903
0.191849946976
0.064551115036
0.469825029373
0.492073059082
0.113498926163
0.129203081131
0.323842048645
1.18937802315
0.0928549766541
0.486453771591
0.367861032486
0.471077203751
0.186578035355
0.519691944122
0.44000005722
0.374496936798
0.274152040482
0.308477163315
1.58471798897
0.388201951981
0.344401836395
0.158845186234
0.338402986526
0.460525989532
0.381760835648
0.297983884811
0.330945968628
1.33319401741
0.283023118973
0.373515129089
0.493981122971
0.135623931885
0.61243891716
0.29739689827
0.546281099319
0.303915023804
1.39433503151
0.359820127487
0.479281187057
0.303241014481
0.118574142456
0.107045173645
0.947179079056
0.849753856659
0.232154130936
1.68507790565
0.38661813736
0.159182071686
0.0698659420013
0.0953450202942
0.130730867386
0.142644166946
0.714497089386
0.972764015198
1.32091021538
0.234819889069
0.131582021713
0.163111925125
0.268064022064
0.532642126083
0.161592960358
0.0994830131531
0.375637054443
0.377694129944
0.98649597168
1.31869196892
0.539527893066
0.392728090286
0.337122917175
0.0848891735077
0.140804052353
0.134594202042
0.470366954803
0.284419059753
0.766115903854
0.345092058182
1.46111392975
0.146270990372
0.381725072861
0.439420938492
0.147980928421
0.101103067398
