6.92637014389
3.99010396004
5.83626413345
8.16328501701
8.93216919899
12.894769907
17.1971011162
18.2190320492
9.20271086693
12.4427170753
8.44674015045
5.66448616982
8.37050318718
10.0802218914
12.2632679939
11.7779119015
11.9981400967
14.0517179966
13.6642410755
10.4677681923
6.04103899002
7.10713410378
7.83536410332
9.16654396057
10.639467001
11.8580110073
11.302090168
14.8652448654
15.9054160118
11.8445770741
7.95766806602
5.66789484024
7.57740902901
7.60608696938
11.6543371677
15.8371109962
10.9263989925
12.6916658878
15.9178700447
13.5268650055
6.04322814941
6.69390392303
7.76190304756
9.55559301376
14.2436749935
12.5586061478
16.565926075
13.6665329933
12.5447990894
10.6071619987
8.64318108559
8.92312979698
9.12111711502
9.83165097237
12.2659890652
10.5931451321
10.3938250542
13.4086480141
12.5932281017
15.0606999397
6.6029150486
7.52287912369
7.39721679688
11.4706130028
11.5717020035
11.8343060017
11.6761748791
13.5895261765
14.6732358932
16.2466580868
7.81533503532
5.51380491257
7.44080591202
7.78470993042
15.019892931
12.4397540092
13.2624959946
12.1647379398
18.1212038994
11.7559390068
6.01685881615
9.74059891701
9.02680015564
9.7683429718
16.1556260586
13.2489950657
11.471280098
10.9590070248
12.7305870056
13.3239688873
8.43385982513
9.56308722496
8.64465713501
9.66223096848
12.0743460655
12.3752198219
13.0015919209
18.0141818523
10.5743319988
10.0392589569
6.4198319912
10.6251740456
9.3737719059
14.8974499702
12.2300069332
15.1657500267
13.2064509392
11.5596930981
11.4304838181
9.81849503517
8.72859406471
6.10306215286
9.50964212418
10.8075950146
11.2256860733
15.8610460758
12.949133873
21.8337459564
10.9911630154
10.1124889851
5.62776899338
10.6403679848
8.68422198296
14.5450649261
11.29489398
13.1558151245
13.0972101688
15.379956007
10.6206798553
10.6709928513
6.91476607323
5.99843287468
8.99843907356
12.3857581615
13.2221419811
13.1881258488
13.8112671375
18.7465209961
10.3792891502
11.1612679958
5.46322894096
7.15930604935
7.15486097336
9.49804091454
15.9888920784
16.9075350761
12.2280039787
16.1961190701
13.8017299175
12.147949934
6.28732085228
8.47347712517
8.33295202255
12.258866787
15.5951440334
15.038367033
13.3414230347
8.88679695129
14.2809448242
14.0286412239
8.30482888222
9.72767090797
10.3762159348
11.0299417973
11.3431479931
18.1947879791
14.1526498795
11.1753740311
10.9862599373
11.1284937859
6.14353609085
9.31454586983
8.25053715706
9.3959980011
14.331526041
11.0522382259
11.6337649822
25.3452570438
10.4491949081
11.1584382057
13.0967121124
8.73932504654
10.0463020802
13.4074029922
10.7116670609
12.9268529415
13.7173740864
10.7693850994
12.0997722149
11.2832660675
10.8576898575
8.00504493713
9.97094583511
11.6633169651
12.4249799252
11.9488561153
13.9154920578
11.9583849907
12.976984024
11.0745728016
8.9518699646
9.75770902634
10.498486042
10.449256897
13.725618124
11.992857933
14.1637179852
9.19467592239
11.318144083
16.7035109997
7.86374878883
9.38474297523
10.1319980621
12.7265701294
12.4985530376
12.578469038
15.604888916
13.4112250805
9.93420290947
9.81128907204
5.7884850502
5.66400408745
8.60515213013
10.123073101
12.500674963
11.4350948334
11.1259129047
14.5854558945
21.0505619049
16.1754701138
6.48949313164
6.08209991455
9.20597505569
11.9030938148
14.1418049335
11.5313549042
11.1371738911
16.0644090176
13.6592419147
15.7301900387
5.76290297508
5.51904821396
8.02784800529
10.3070650101
14.7162840366
11.5947871208
12.7142899036
16.3017909527
16.40406394
17.0607588291
11.8570399284
7.4705350399
10.2012469769
12.8268721104
12.0123488903
12.5972020626
14.3920238018
11.443985939
11.8403260708
10.4573230743
7.91323590279
8.88948512077
8.60316896439
13.2372400761
13.6986129284
10.9662849903
13.9811871052
21.1516649723
10.246628046
8.1606490612
5.80762600899
7.52561402321
7.55169796944
10.0630609989
13.1681540012
18.0729849339
15.4201920033
8.6849489212
13.0195221901
17.9853107929
6.97759008408
8.65013790131
8.14282107353
12.9903860092
10.862331152
15.982311964
16.9536011219
13.42355299
17.8046720028
8.06927394867
8.17037987709
8.76465702057
8.92586684227
13.0251030922
12.7143940926
14.3586070538
12.3477189541
17.1717190742
11.7163779736
11.5595397949
7.11662197113
10.4649889469
8.98978900909
13.6365809441
13.0915307999
11.4978330135
14.1291568279
17.5299530029
11.2259800434
11.5151779652
10.4684579372
8.57237005234
9.33891010284
10.3351609707
11.8480391502
11.6936922073
13.2932348251
15.4056520462
13.6409320831
12.2319338322
8.20595598221
8.68804001808
9.63851308823
14.7332279682
11.821187973
10.7278048992
11.9138960838
18.7678160667
13.2208790779
11.2154281139
7.15590405464
7.468282938
7.9709379673
12.4767611027
11.6304569244
14.4533350468
12.9973740578
19.0225439072
16.7843430042
8.87269186974
6.83616399765
9.44039511681
9.73421907425
11.720867157
12.8123459816
14.0506050587
12.8764488697
18.5573790073
14.4803979397
9.33024382591
6.6886639595
11.0221121311
10.3541491032
15.6239020824
14.4639451504
10.5697140694
13.5937139988
11.9846191406
12.572188139
13.1455700397
11.8045389652
9.07275390625
9.57130718231
11.0016000271
12.3347990513
13.6730158329
13.2945058346
14.9122040272
11.5055367947
12.3721170425
6.63297796249
8.58133292198
10.9929947853
11.2300758362
12.1778202057
14.697218895
14.2900497913
13.7659158707
13.8768510818
11.3780539036
5.6365749836
9.31966304779
8.70015978813
10.7847650051
13.5143828392
12.4808988571
13.9584231377
11.7590191364
14.2820878029
20.239923954
6.68341803551
10.0109989643
8.41215586662
17.0038020611
12.5186300278
11.1929168701
13.1640338898
20.4782249928
10.7709259987
10.5016269684
6.12521195412
7.29581713676
9.49048399925
8.80680394173
13.7484049797
11.4411370754
13.8304829597
14.3633050919
16.2346878052
20.673197031
10.0836758614
8.48788404465
10.4503378868
12.345802784
12.9888401031
11.0703511238
12.3991589546
17.1419110298
14.61997509
12.7322859764
10.8489429951
9.75983095169
9.250852108
13.2760589123
16.1165258884
13.0055859089
12.211425066
12.7794010639
10.2542641163
13.1905949116
6.20016098022
8.94106602669
10.0853309631
12.5147030354
13.2660238743
19.0214979649
14.7367970943
13.4243049622
12.392854929
11.6127858162
15.0014929771
10.2115819454
10.8251559734
12.2214410305
12.3489809036
15.7464931011
10.1280369759
12.8757441044
10.7655320168
10.4865839481
5.82489109039
8.84563302994
7.559923172
10.1308348179
14.6416299343
11.3044118881
11.8782470226
23.5316698551
17.3885669708
12.2785449028
11.1031389236
8.29380202293
9.06686496735
10.6886720657
15.4722900391
13.8159840107
16.3084878922
12.663312912
13.0913419724
10.6609041691
6.18471813202
9.73203897476
8.27836108208
11.6552510262
11.792689085
13.1859340668
16.7902009487
19.7064769268
12.8230209351
11.9321529865
6.34516000748
5.9981110096
9.51038098335
13.2035319805
12.6573870182
13.9495048523
14.6052269936
16.985229969
18.8352680206
12.0839579105
4.80417299271
11.0568301678
8.43114805222
10.9205288887
13.2230389118
12.7300179005
14.2346529961
19.191660881
13.4445989132
16.2279341221
6.53429698944
8.77192211151
10.6224160194
12.9200367928
12.8203909397
13.5205669403
15.513602972
9.96164917946
14.0118370056
15.2611680031
7.48698496819
8.61737203598
8.67510795593
8.59176683426
12.2027959824
17.4320139885
17.10831213
12.7104818821
13.7454099655
16.602055788
7.21514201164
8.66334104538
9.52157497406
11.0676951408
13.0457499027
13.6318469048
13.6716079712
19.4650111198
12.6073629856
10.868309021
14.5259349346
9.1869199276
10.9097130299
12.6358840466
13.3403699398
14.8558158875
9.74535298347
13.0472898483
13.3963141441
9.50984287262
8.99574494362
9.38266396523
9.79934716225
10.4703469276
13.2397549152
11.6883280277
10.8285281658
22.5520298481
13.6236000061
12.9857292175
7.5600271225
10.629940033
12.9421820641
13.7542748451
18.0525200367
15.5249681473
14.821655035
12.462567091
11.2823970318
10.101129055
9.41879010201
8.95827817917
14.079611063
11.098088026
13.1784629822
14.8996391296
12.6545619965
15.0302479267
13.9298610687
8.03873205185
12.0950479507
8.44917416573
13.057970047
13.3608851433
12.1440269947
14.1632459164
15.7764790058
16.0624248981
13.3824529648
10.3536760807
8.90134620667
11.4507639408
13.4067809582
14.0255889893
13.3646829128
11.4787869453
13.0631198883
12.9607181549
12.1409399509
11.5865578651
7.73142004013
11.0743479729
13.2227671146
16.671423912
12.3923969269
17.5968289375
10.1303918362
9.98471593857
11.9878809452
9.52316689491
8.71471905708
13.7020440102
11.3225440979
11.8237178326
14.0704669952
14.4529850483
11.129267931
11.4211540222
10.592730999
13.5643811226
8.73083806038
18.4020168781
11.7705039978
11.6730210781
12.7146439552
8.40893602371
13.5573849678
13.0822019577
10.7255680561
14.6277930737
8.70403718948
11.1664578915
12.8266170025
11.0829060078
11.4430780411
15.9388999939
12.576556921
12.6772949696
11.1107079983
11.7594139576
8.29448103905
10.9202029705
13.8110628128
12.7460827827
11.0486009121
18.9203519821
13.2503550053
11.7089738846
10.0243570805
9.60139513016
9.40048503876
10.1442511082
13.2502510548
15.6539108753
13.5335800648
17.9827060699
11.0124969482
10.855396986
10.5315408707
11.6190240383
7.6682240963
11.0775811672
13.787280798
14.3257529736
11.7614710331
17.0505709648
12.1225869656
12.3931910992
11.2475337982
10.7945599556
7.47920608521
10.8165569305
11.8448629379
14.9675958157
14.1663470268
17.0400419235
11.774077177
13.2148149014
11.3102211952
15.7647080421
8.94111919403
10.0636870861
17.269436121
11.7287888527
12.0947082043
15.4118211269
12.1631171703
10.1532120705
11.0161390305
6.52183008194
8.71334695816
10.8572721481
14.2797780037
11.8922488689
15.6394400597
19.5005328655
13.2545640469
10.8356001377
11.8527071476
16.1467518806
9.22200202942
10.7665600777
11.5562260151
13.048322916
13.817289114
9.18878006935
13.698923111
10.4251420498
12.0174839497
11.7653939724
9.52548503876
13.490295887
14.0555710793
13.7725682259
12.5099408627
14.5294470787
12.7824540138
9.97347402573
11.0523049831
6.59028196335
9.00426197052
10.491147995
15.4094190598
14.7598719597
12.296859026
19.6162509918
11.7921888828
13.3974590302
10.7224018574
11.7063281536
7.8313639164
12.540419817
12.3772950172
11.2440280914
12.6357281208
17.2178721428
11.9549930096
15.4902579784
10.0111339092
7.37991881371
9.8583521843
10.7993969917
12.3387489319
11.3884460926
13.5713820457
13.9908459187
18.078029871
16.7863991261
10.0603659153
10.8408141136
7.57664203644
14.446657896
12.3113110065
14.3365190029
13.4644861221
18.5247750282
12.9895529747
10.9954040051
10.4697110653
15.0043570995
11.0308349133
14.1943509579
12.3370640278
12.1593630314
14.6249380112
10.5058538914
11.4620628357
11.1165239811
11.513146162
6.40250205994
10.3605468273
9.1759121418
10.4573760033
14.328619957
18.7124660015
23.581111908
10.8374471664
10.7767269611
11.4277281761
8.16065001488
13.3532371521
8.81046295166
15.6452980042
16.4396109581
11.6572039127
24.5309388638
14.6007230282
8.83332490921
9.49537706375
10.1418261528
7.41303706169
12.2591080666
12.5342409611
12.3044240475
10.9014091492
16.7354569435
14.2809140682
16.7309648991
9.690502882
14.7555420399
8.35363793373
15.1615149975
15.6206741333
11.7914810181
16.861894846
12.1750161648
10.6947557926
9.11068797112
11.0123970509
8.09179091454
11.9671180248
10.4005980492
16.1685321331
12.3430058956
17.0001368523
13.8132350445
14.7211649418
17.1062998772
10.0520999432
15.0303089619
9.45145893097
11.5131568909
16.5169150829
11.0462830067
12.5298740864
9.34685206413
13.0502810478
14.3457460403
12.1319000721
10.1589260101
7.8612651825
13.8360390663
11.2632050514
14.8474459648
10.9875600338
23.2212159634
12.226213932
10.163533926
12.0114607811
11.0965199471
9.10366797447
11.4266660213
12.0967559814
17.8461289406
15.8790950775
9.75494194031
12.6812839508
17.4448060989
9.708329916
12.9310231209
9.16204500198
13.4921960831
13.0067679882
15.6355378628
13.0271811485
20.6580269337
9.82499694824
8.67573094368
10.1597640514
11.7704589367
9.16077518463
13.5890631676
12.1482050419
12.1471757889
13.3248829842
22.260010004
10.30524683
11.5506100655
9.63904213905
8.99783301353
9.77201795578
9.94784903526
13.8731849194
16.8254010677
15.3274700642
17.5101089478
11.8445827961
11.155807972
10.6564490795
18.7625620365
11.1712231636
12.8149838448
11.5218091011
12.3099341393
14.1391499043
10.0928320885
16.7932868004
9.95919418335
8.51317501068
20.8658180237
12.1486010551
11.3642840385
12.5608050823
12.3319170475
11.0816559792
11.0877220631
13.2491371632
11.322920084
9.84954309464
15.1317739487
9.11851882935
13.3116009235
16.2136499882
12.2802600861
16.8058559895
11.7847981453
10.3092999458
13.1915431023
8.70377802849
12.6570689678
10.6035850048
14.7191100121
14.2269971371
11.3422141075
13.8992071152
20.6366670132
10.0128190517
10.9832129478
8.61201310158
10.0514938831
8.78977489471
11.6519289017
12.8194839954
14.0194609165
14.2019250393
21.8933827877
9.47737503052
12.6609520912
10.359470129
13.8882219791
8.5346930027
13.8240931034
18.3436908722
12.1634268761
14.3188381195
15.507805109
11.3770530224
11.2270100117
9.69626498222
13.3483889103
11.3341181278
16.1714448929
11.0088181496
13.6453959942
16.4582440853
11.6395821571
10.9791090488
12.5109741688
9.71492910385
15.9762151241
10.3249719143
14.4907228947
12.2096669674
16.2743299007
12.9287421703
13.8865389824
10.7567670345
10.4110398293
9.14634299278
9.71877193451
8.62703299522
12.0739798546
14.5104110241
12.2804660797
11.3406629562
16.9856100082
13.8467788696
19.7659778595
8.86259388924
12.0662879944
8.17155385017
12.1409320831
13.6300508976
11.8266630173
13.1249909401
23.0259940624
11.6876680851
12.4146819115
10.3256630898
9.58414292336
7.83047199249
12.4089579582
14.2195971012
13.0719780922
10.6929888725
17.0921168327
13.1156778336
19.3122799397
9.96801996231
16.3256502151
10.4111881256
11.9877700806
16.6723558903
10.5670499802
14.6724500656
16.5824561119
11.4436409473
8.17252898216
11.1060528755
18.0085449219
10.8324139118
11.0661780834
12.3725659847
12.9254620075
13.9576861858
11.4049420357
17.3437809944
10.5975348949
8.96057581902
15.9242560863
9.81096506119
9.77917909622
16.6067419052
12.5869810581
14.378978014
17.0452132225
10.4535851479
12.3618121147
8.09450984001
9.83710885048
9.28389978409
9.19291806221
11.1877999306
11.5036239624
20.6313951015
17.1146759987
12.2364208698
18.2923431396
10.9365129471
6.97850704193
9.99049711227
9.8644349575
16.7564170361
15.8241481781
13.2699790001
22.9918291569
13.1542651653
12.0034990311
11.3335289955
12.5782129765
8.40886306763
12.7984640598
14.5759780407
20.4931020737
22.1830749512
12.7045660019
10.1103658676
9.816218853
5.94665288925
13.0887060165
8.25110292435
12.5155539513
11.6242749691
14.4496259689
16.7577660084
16.1121060848
16.426019907
8.30721092224
11.5939040184
20.1023099422
10.8934290409
13.7805430889
12.125043869
12.1471118927
17.3020739555
12.4772770405
11.5421528816
11.0032989979
6.74133896828
14.1307499409
9.51433610916
16.6732690334
12.6697280407
11.0252270699
13.4651918411
13.4287900925
17.7710301876
12.8718149662
7.34470510483
6.0650241375
9.56591582298
10.4490668774
14.7108571529
12.7196359634
16.1190948486
16.5536139011
11.7490310669
22.0724439621
9.06366991997
11.5250179768
9.8810069561
11.5920269489
13.445991993
14.4501399994
12.4884090424
22.656247139
13.9383270741
12.3043251038
8.20478081703
11.4844169617
9.49215483665
11.8461358547
12.8839678764
13.5126230717
17.4338521957
15.0044291019
11.8910739422
12.7186081409
11.8879618645
19.8185739517
11.1772220135
12.4833681583
14.3198678493
12.1678500175
16.3182911873
12.344905138
15.8094100952
9.59072303772
4.9316880703
18.1969530582
9.80630993843
11.8844377995
14.9692749977
13.3607521057
19.6310579777
12.4716460705
10.6583759785
11.7643830776
5.34360790253
13.7773928642
7.66461491585
10.8682999611
15.9463629723
20.1452510357
19.8310720921
13.3426780701
11.7773480415
10.4539401531
6.12704515457
14.9029510021
10.3393199444
16.2076511383
18.7644269466
12.6573410034
16.658602953
10.863309145
10.2180650234
9.76521897316
8.92066001892
15.8127911091
9.83166098595
11.0412931442
13.4403018951
11.7176558971
13.1756408215
16.058027029
16.3511929512
13.761223793
7.69439101219
13.1237139702
10.2559859753
13.6549708843
11.4004888535
18.1236951351
18.7468700409
11.7928659916
13.5999619961
10.2020840645
7.52284693718
15.4877049923
10.4969620705
13.0832061768
11.404214859
14.7028169632
15.4552240372
17.5546619892
13.641805172
10.770416975
6.54343700409
23.8788819313
10.7923569679
12.2714879513
13.5308351517
12.2640030384
15.0014548302
11.8378360271
15.1229701042
11.3917920589
5.44787096977
14.900452137
9.51644802094
13.5207760334
11.5083987713
20.0239150524
20.2799580097
11.490598917
11.2351779938
10.5237698555
7.93425607681
12.7200639248
9.6680059433
16.0992860794
16.0692391396
13.6867499352
15.0085818768
14.2461030483
14.3577578068
11.3701608181
6.28868985176
17.6372048855
10.2350540161
11.0660789013
13.0544428825
11.2648429871
14.0868518353
14.1951539516
12.7570228577
14.6224441528
10.9329659939
11.3304870129
8.94256091118
7.9107978344
10.4971580505
12.4693398476
20.7517819405
15.6644911766
13.6437239647
21.2824020386
10.5798051357
12.7936589718
8.70923995972
10.6394069195
14.039413929
12.3064658642
13.8343660831
19.0146460533
16.6105179787
12.7403450012
10.4527668953
14.9624159336
8.88368105888
13.1325888634
12.2279119492
19.7667610645
16.6840078831
12.8346970081
17.5616030693
9.48435997963
6.45112895966
35.0888719559
12.8572118282
10.9785590172
13.1152889729
16.5147960186
12.1244029999
10.4696381092
8.76255893707
9.82904005051
3.51557397842
11.5514261723
8.41647601128
12.4992878437
13.0061540604
13.9841709137
16.3701140881
20.995443821
12.1136081219
12.8779652119
10.4864099026
15.6039028168
9.22370004654
16.9805679321
14.8495280743
11.5584969521
26.7531700134
11.8049910069
12.2970349789
8.94935011864
5.09530997276
23.3322889805
11.7549870014
15.3674309254
15.1155028343
12.1588928699
21.3418209553
10.9924631119
8.14743685722
10.3986299038
6.26832914352
18.5815649033
11.648362875
13.7252349854
14.7806200981
11.7035620213
15.3014008999
11.8310949802
18.6293940544
9.22581386566
6.16791796684
16.5392930508
9.1316049099
15.6738331318
14.4463460445
12.7717759609
20.2828760147
11.218514204
10.8718059063
9.8060798645
11.614866972
22.2421731949
11.156129837
13.9693598747
11.808024168
12.8913509846
12.9265809059
13.6980528831
11.8861660957
11.7525820732
12.0191431046
17.8137328625
11.596973896
12.826529026
13.43729496
10.0788760185
13.5844972134
17.9620959759
17.7819478512
11.0659029484
5.87530708313
23.2386000156
12.4874470234
13.2783889771
12.4645528793
13.7955770493
18.9240970612
14.7028281689
8.95148801804
10.0333759785
5.47793793678
13.6731171608
10.4245910645
10.2905919552
13.6747539043
19.2205588818
15.9675052166
13.9708600044
13.332020998
10.0361659527
10.9105839729
24.882573843
18.136715889
12.935603857
11.4512088299
16.3000218868
11.8697009087
11.1469738483
10.9417440891
11.2994818687
5.91617894173
20.8715760708
11.6088140011
15.4249429703
15.7664439678
13.5326449871
12.7876770496
11.7436368465
10.0521609783
10.3135249615
9.86648893356
23.010240078
11.4804701805
15.0139541626
13.3323779106
14.4424140453
20.66147089
10.3117010593
9.8727350235
9.89415192604
7.43812608719
18.844796896
9.90973091125
11.1707479954
13.5974400043
12.9858031273
14.5501229763
16.6184680462
13.8758850098
11.632543087
9.3756377697
23.7498881817
12.6751699448
12.3941040039
11.3164470196
14.9676020145
18.617358923
11.1063680649
11.2407250404
10.7503991127
8.74897098541
20.094894886
9.56003212929
12.3919792175
15.987899065
12.7910921574
21.9374220371
11.143862009
10.2121248245
9.64629602432
9.29681491852
16.664413929
14.0963981152
12.0248889923
12.9747550488
13.9557621479
16.0278198719
11.9974479675
19.8470330238
8.992208004
6.34304690361
34.5851550102
11.6230790615
12.312541008
12.715236187
12.0577421188
15.6062698364
15.4689159393
10.8974750042
6.61768889427
2.94618296623
12.2048649788
9.7121720314
15.6608481407
15.5602948666
14.9160501957
22.4194660187
13.3123290539
16.1937770844
9.64687991142
3.04240918159
40.025728941
11.5312421322
14.3545668125
16.7397079468
9.48097014427
11.2994861603
11.4408938885
11.9486310482
6.70211601257
1.82979488373
33.9360239506
12.7452428341
11.447270155
12.7915129662
16.7758748531
11.1093111038
15.2379999161
9.97892093658
7.47193598747
3.94646000862
24.7035179138
11.0401101112
12.7948069572
13.7457721233
15.7860438824
20.9407608509
13.0691308975
12.2432601452
6.57962608337
5.69634389877
22.8487100601
11.8304970264
11.4969460964
13.5652530193
12.4178860188
12.143447876
15.164867878
21.5788328648
9.56980085373
5.29012703896
21.2369220257
12.5920109749
12.2408289909
10.901278019
11.6841270924
21.2657551765
17.9541990757
8.87380599976
11.5598011017
5.10592794418
20.3328750134
10.1538379192
12.0234601498
12.3504290581
12.6792669296
22.4963581562
17.1007730961
9.50123095512
11.0170719624
5.68514299393
38.6194031239
12.8152458668
12.1751661301
14.1106309891
9.38521504402
12.6646740437
18.3408658504
9.71344208717
5.36642003059
2.27066397667
36.7957148552
17.8147699833
16.1262772083
14.7228238583
12.4115190506
10.4113678932
11.3049860001
10.1048660278
3.92715215683
2.28559684753
24.2517340183
14.999174118
15.9843521118
15.3168280125
19.4044389725
13.1733241081
11.5090048313
11.0896639824
6.74558496475
4.14343905449
39.8036880493
15.7432861328
12.5081758499
13.3448009491
13.0414960384
11.6382029057
11.5240869522
10.1664111614
6.54512214661
1.94364881516
35.705340147
12.4505550861
11.9255309105
13.1438269615
11.9646990299
13.2146909237
11.025042057
13.6777629852
8.99011802673
4.33375191689
17.1425049305
11.1747820377
12.8746159077
9.48582196236
13.4405348301
20.5941538811
9.11529779434
5.3276040554
1.96392917633
37.8548278809
11.6655230522
19.4753680229
19.3219099045
13.2583489418
10.3642680645
8.87662291527
8.36431384087
5.37893295288
1.91423797607
39.7149040699
12.1118059158
11.894329071
12.4916219711
18.7799758911
11.8252060413
14.4468398094
11.928937912
1.8888528347
1.4641828537
36.7034540176
13.0717759132
14.8539931774
13.6776051521
15.6531460285
15.1506910324
10.6656060219
9.72483086586
5.81228518486
1.41535878181
24.6880328655
18.4438951015
15.3568778038
12.3911688328
17.5760288239
12.4715521336
18.7737979889
10.2442569733
6.44670200348
1.61319994926
37.8588318825
11.8821451664
13.8173298836
13.7452199459
14.3094499111
12.0492990017
10.7464601994
12.2452261448
6.93042087555
2.9067299366
38.9461870193
16.1840009689
14.7366909981
19.2846539021
13.3071570396
11.9251670837
10.3103117943
7.04338598251
4.22690916061
0.928671121597
40.5213258266
12.8721129894
11.7216851711
12.2248799801
16.6348059177
13.1061360836
9.88955283165
10.2704520226
6.74889302254
2.73193001747
35.7906589508
12.5758049488
12.5765161514
12.5454668999
11.3029789925
10.2465720177
14.2513971329
14.1678140163
10.4091598988
2.83458709717
35.9375331402
12.3184020519
12.10820508
12.3552548885
22.8556141853
10.8108029366
10.3435080051
11.3075969219
6.15698003769
2.56363606453
39.8333230019
11.6324560642
14.2210190296
13.897703886
14.2368180752
12.1516389847
16.9901230335
7.45619416237
5.44594502449
1.37639904022
17.8252971172
11.5593261719
12.987377882
16.6137399673
18.1199600697
19.548858881
15.7980570793
11.8850939274
6.82296395302
2.10863304138
37.8694550991
12.2985470295
19.3879039288
14.416946888
10.8661019802
11.0867550373
15.4896008968
12.2679259777
2.55690813065
0.76692199707
37.7566449642
11.9932758808
14.8018119335
13.2779490948
9.73043990135
12.2350699902
20.0944759846
9.63572788239
4.39951109886
2.91700196266
37.7786898613
11.4577620029
21.6334629059
13.4644491673
13.7014341354
12.1893801689
11.9395568371
11.7478320599
2.37390208244
1.16221499443
36.8176400661
17.9637849331
12.3936657906
13.6169540882
14.5978839397
11.0429091454
16.0153310299
9.13976788521
4.2900249958
1.35465598106
38.8373069763
11.783164978
18.6651659012
15.8227591515
10.0452299118
10.3306031227
10.2739980221
9.81782507896
5.85737514496
6.07684183121
13.1486968994
8.79765081406
10.96098423
15.8481619358
19.5570688248
24.2671051025
13.157626152
15.9845888615
11.4457638264
3.7083170414
34.0233130455
13.2427201271
11.7332079411
14.2257230282
21.8796889782
11.6660549641
13.9058451653
10.5630459785
4.74407100677
0.705621004105
33.4018480778
16.0834870338
13.24842906
11.6742789745
10.276350975
15.3672730923
10.6844739914
11.1611590385
9.48863697052
5.49268317223
22.3044729233
13.7206318378
18.1549580097
11.7831840515
16.107904911
16.2627608776
12.6432549953
10.85247612
9.43455505371
5.89365291595
37.3037149906
12.0266568661
21.3113939762
10.963039875
13.0255761147
10.6627688408
10.3734519482
9.9880759716
8.40365195274
3.36819696426
24.239233017
15.9268369675
15.5586321354
12.0583539009
13.1499729156
14.6256299019
14.4822049141
13.2109780312
10.4400310516
4.13745903969
35.0437479019
12.3410680294
11.5845401287
14.0345509052
17.7575500011
10.9364550114
12.5915958881
11.0304820538
5.62416100502
6.33193707466
38.7561719418
12.4492299557
17.9286978245
22.6574909687
17.9980471134
10.5430848598
8.75580811501
5.89196610451
2.24004006386
0.775624990463
40.578319788
12.0216369629
10.4542839527
11.8991999626
19.406015873
15.283454895
13.3793590069
8.31019091606
5.60921883583
0.625316143036
