6.28546214104
3.18605303764
4.73241782188
4.42180800438
4.20088505745
2.80784201622
4.71225094795
5.11991000175
5.02202701569
4.86375594139
3.97789096832
4.50259494781
4.44537091255
2.75701403618
4.99805903435
5.38133001328
5.6653778553
4.12237691879
3.98812198639
4.22021913528
4.31595301628
6.14009809494
4.49443793297
4.07179403305
6.46012592316
5.21730685234
3.42311406136
4.66991996765
3.03284502029
2.72496390343
6.44624209404
4.39797401428
2.72356390953
4.90155911446
6.92669320107
4.98225188255
3.74990987778
4.56398820877
3.36551403999
3.2234749794
4.04567909241
4.18412208557
3.08989405632
4.82699489594
6.46113586426
5.55444407463
4.81281495094
3.84492087364
3.20095586777
6.08573889732
4.11211013794
2.9419760704
4.19142913818
5.91295218468
7.47431397438
5.31534910202
3.68270683289
5.1288459301
5.23535609245
4.38969898224
3.24681401253
4.58127307892
7.0133960247
5.85813713074
4.06311297417
4.61732792854
3.4390501976
5.07167887688
6.01745009422
2.88644480705
5.7115778923
5.78297805786
3.58930206299
4.09968996048
4.85555195808
4.69782686234
3.45948886871
4.81371378899
7.57612490654
3.93005800247
4.95228695869
5.62674880028
5.26399087906
5.56675601006
3.28208398819
4.57715582848
4.70548510551
4.64469981194
2.37121796608
5.81734919548
6.6691532135
7.8925139904
4.40880298615
3.57267308235
4.14606690407
3.99574494362
4.9423520565
4.46165084839
4.4381570816
8.21592378616
3.98151493073
5.15999794006
5.60174489021
3.77295017242
5.28370904922
4.63508796692
4.47286987305
4.03977012634
4.54865098
6.91232395172
4.96841192245
4.15966796875
5.74082803726
4.7682518959
4.75379300117
4.23476982117
4.89793515205
3.44094395638
5.50905513763
4.96417093277
5.76315188408
4.80747389793
6.17572999001
2.78439688683
3.52417087555
4.74456715584
4.10207986832
3.5695400238
4.1500878334
6.63595604897
4.9631960392
5.86045193672
5.97403597832
4.41895294189
6.46513795853
5.41672682762
4.17032814026
4.09522891045
6.9298658371
4.88291811943
4.67446684837
4.69849395752
4.96896409988
3.87542510033
6.72205996513
6.58832216263
4.05044198036
4.82647490501
4.7464761734
4.42357397079
5.82431197166
4.47401189804
4.6167640686
2.92178702354
4.52275490761
4.33777308464
7.47336411476
5.00426292419
7.17601394653
4.95893716812
4.68563985825
4.22320699692
4.1151509285
5.16199493408
4.01078677177
4.04118704796
3.70093679428
5.68456602097
7.21654605865
3.79168391228
5.97060704231
5.96906399727
4.70415997505
5.63473701477
2.74679398537
4.49035692215
5.37324213982
7.06295585632
6.70431685448
5.83662104607
5.06439208984
4.53073406219
3.47271609306
5.52770614624
4.13212180138
4.0817399025
6.08392190933
7.00130200386
4.63440203667
4.48146080971
4.13053798676
3.75293684006
5.30967497826
5.95551800728
5.52828192711
5.06117606163
6.40117502213
5.38287496567
4.14540505409
5.59493803978
5.0542140007
3.62247109413
5.21502399445
4.92465305328
4.51189804077
5.80499505997
5.80572295189
5.45258903503
5.27330303192
4.67771410942
3.94095802307
3.71785497665
4.00649404526
4.88807892799
6.96148705482
3.99857902527
4.40698099136
6.37101006508
6.7878370285
5.84472084045
4.13243484497
1.20811605453
4.29135918617
4.39454102516
5.40556812286
6.97972488403
4.27607989311
8.73332619667
5.78121519089
7.94579982758
4.71459197998
2.47740292549
4.50445103645
4.17582702637
7.01093697548
4.35913586617
6.38626813889
6.55567598343
4.05946612358
5.64788484573
5.97027993202
4.28298306465
4.58672308922
4.87522315979
4.86888003349
5.0926220417
6.37073802948
4.85559010506
5.44253206253
6.10485887527
4.80274605751
3.05819010735
5.29980802536
5.41786408424
4.06269788742
4.54241490364
8.85128903389
8.11691999435
5.32189393044
4.13081812859
6.01219797134
3.02404093742
3.15627121925
4.63565587997
5.53035211563
5.37849903107
5.26199197769
6.3533039093
5.61757802963
5.85271406174
5.67877197266
4.46828317642
5.44853305817
4.65275406837
4.61198616028
5.06911087036
6.7601890564
4.41801309586
5.82680296898
4.29035615921
4.70191192627
2.87441706657
3.694439888
2.95035886765
3.21276903152
9.77616095543
8.65970087051
6.79677605629
4.64218091965
6.50065898895
4.93564891815
3.92404603958
4.21800899506
5.61362695694
3.53894400597
4.6706058979
7.56125593185
6.62230086327
5.93384099007
4.27901983261
5.13186502457
4.79092407227
5.23759698868
6.93309497833
3.86118102074
4.70961403847
7.56369280815
4.88188004494
5.64713692665
2.82694196701
11.465473175
4.92558908463
4.45871520042
3.56218194962
7.2104640007
6.15519094467
4.87900280952
5.47814416885
2.94315695763
5.25633788109
4.80067682266
5.11740994453
4.29604196548
5.09337902069
4.89657902718
7.07885193825
5.22235107422
5.03013420105
4.71568894386
4.21055984497
4.40225100517
2.65590596199
4.47706890106
4.77584695816
7.87888002396
4.9118449688
10.4082288742
7.00660896301
3.07168006897
5.10434603691
4.83770108223
4.89586210251
5.21702814102
3.75215697289
5.14606499672
6.71103096008
5.61211800575
6.03926897049
4.45358705521
11.8351311684
4.95184993744
6.88338589668
3.87096095085
3.88717412949
5.11782693863
3.60148906708
4.25881695747
5.17650580406
3.53052091599
12.0085561275
4.53795099258
4.79514193535
4.85216498375
4.35046219826
5.91020083427
3.76819682121
4.47616100311
5.26594400406
3.42954993248
4.91757678986
4.41770601273
3.51408004761
5.94011211395
6.92797017097
6.30112504959
4.62533593178
5.37445688248
4.99750590324
4.87042498589
6.41367077827
2.60055398941
3.20642280579
4.32737612724
6.92548584938
7.27194499969
6.31391787529
4.4820098877
6.88786005974
3.55955505371
4.88195586205
4.21882200241
3.96206498146
6.68699717522
8.73164892197
5.63734483719
6.33990097046
4.5005979538
5.52967905998
3.24940395355
4.57220005989
2.88353681564
6.23181581497
3.48219108582
7.92103004456
4.03377008438
9.35380506516
7.67754912376
6.12368416786
3.08227300644
3.94019508362
3.43171000481
5.40034198761
4.35176301003
9.82969903946
5.43953204155
5.21168708801
6.36454200745
4.88136196136
5.95904803276
8.36324000359
4.28872394562
4.67167019844
5.48827981949
3.8516600132
4.47028899193
6.24741005898
4.05047106743
7.73238682747
3.99218416214
12.1710019112
4.68003487587
4.72176098824
3.19703817368
5.33570790291
5.17764687538
6.14510202408
5.56574511528
6.29286503792
8.4378900528
3.38954401016
7.30510592461
4.70051598549
5.95090103149
5.36258220673
4.54527711868
4.82859110832
6.15632915497
2.57824587822
6.07354307175
4.16437697411
5.38521909714
4.50850605965
4.61682510376
8.27786302567
6.82439613342
4.36380696297
5.42195987701
4.01660704613
9.80400204659
5.33567595482
5.74686908722
3.1828482151
6.86688709259
4.92971491814
8.42994904518
4.07161617279
3.04404711723
2.54414510727
9.14619207382
2.927079916
5.66760706902
5.56738686562
5.10786390305
5.66520786285
6.74640512466
6.34978795052
4.30423617363
2.74037313461
13.9301080704
5.57645201683
2.65048408508
3.22786808014
4.71112394333
5.92272090912
4.95415377617
5.90237998962
4.35910487175
3.23796606064
5.77391910553
3.86730122566
6.55816292763
11.2170419693
4.14644002914
6.03877401352
3.91511201859
5.18784022331
5.51167488098
4.29006195068
5.13187098503
4.14303207397
4.89937710762
6.74588394165
7.60558414459
6.49197602272
8.14855408669
4.65465497971
5.18010592461
3.53884482384
7.34440112114
5.57059884071
4.79673314095
5.31895899773
4.01434493065
5.36749005318
10.837031126
5.22863698006
3.53161692619
2.52140188217
5.57824110985
4.13091182709
6.03449606895
7.12642097473
4.46582007408
6.25166702271
7.74686694145
5.56867694855
4.42577791214
3.21812796593
4.46371722221
3.03573489189
4.00632381439
3.80585598946
8.13253498077
6.73691606522
4.65935492516
5.83148598671
5.63626599312
8.07894086838
3.80664610863
10.9072210789
5.69104599953
3.78030920029
4.95860600471
5.13050508499
10.441480875
5.07580709457
5.36318206787
2.08771800995
4.80881309509
2.92411208153
6.37893295288
12.6411719322
7.34956121445
5.29963493347
4.33115696907
4.86629891396
3.58861303329
2.52791404724
5.78648900986
3.39834809303
4.77076387405
6.74228286743
8.07030105591
5.70691204071
5.19590115547
4.61608099937
4.53737688065
7.609126091
4.92325806618
3.14271187782
5.46740317345
5.46322798729
7.83669686317
4.08461594582
6.13882112503
7.39897704124
5.03229904175
5.52737784386
6.29010415077
2.53748703003
3.08296608925
7.37416195869
3.9569580555
6.7754099369
4.94008588791
5.70573806763
5.81890583038
8.22841691971
4.53054690361
3.54302096367
4.3901848793
5.23563504219
7.15488505363
4.21848607063
4.36147999763
7.2470908165
5.91309499741
8.83193802834
3.9035589695
3.41480994225
3.2787759304
5.65292406082
12.5530450344
4.69849801064
12.4165530205
5.42626190186
2.76797413826
3.26866197586
4.19016098976
3.05836606026
5.08223485947
5.97915410995
7.50670599937
8.20696997643
10.4136779308
5.89844202995
3.03826498985
3.33480978012
3.31891012192
3.90500402451
5.04479217529
6.79027605057
6.87761998177
6.29871797562
5.62006282806
4.92477178574
4.61178994179
8.07016801834
13.3255889416
5.44040894508
3.73553991318
3.63248085976
5.96701288223
5.9500439167
5.20058917999
7.0416238308
3.98277497292
1.7207839489
9.56820082664
6.09208393097
8.56809306145
4.00797891617
4.66012191772
6.10390400887
5.28573679924
5.84024500847
2.38433504105
3.09104299545
7.3225209713
4.91828989983
4.66112208366
6.3474919796
6.30470013618
6.22335314751
6.07781004906
6.93726611137
2.83351588249
3.99067282677
12.3185818195
6.61662077904
6.2051858902
6.37121295929
4.32686519623
4.03063201904
5.6303229332
5.85750484467
3.09498405457
1.84554409981
7.95838594437
3.32820320129
3.4123249054
7.18662810326
4.40129685402
6.01307988167
4.8069088459
4.93347096443
4.92846393585
8.94969677925
11.8138811588
5.49957585335
5.68491196632
5.42062687874
4.52702403069
4.11876797676
5.22029709816
7.54485487938
3.92559504509
3.05386805534
12.0402741432
3.68017697334
10.2847468853
3.8199031353
5.74766898155
4.0560400486
5.06208300591
6.50031518936
2.43635797501
3.11457800865
16.0124731064
5.79660081863
3.27749800682
4.33080101013
4.56982111931
8.19137096405
5.36902499199
4.39565896988
3.25876998901
2.02114605904
4.9195690155
4.36974596977
3.03319978714
3.98669600487
5.04722285271
9.10635304451
6.06033301353
6.90709805489
5.78539705276
10.2057218552
5.08810901642
4.5294919014
3.55137896538
6.55650806427
7.56076407433
5.52649497986
10.2091360092
7.40562415123
4.16039085388
3.20476818085
11.642524004
4.40568804741
8.07992005348
4.96135616302
4.89906001091
6.45484614372
4.48147106171
6.2920229435
2.35355806351
3.54230284691
8.96507787704
3.07191300392
4.92781305313
6.3659992218
5.8187148571
6.77750301361
7.81747317314
5.5037958622
5.14562892914
2.30126905441
4.78660798073
2.70276904106
5.93587303162
5.06118988991
7.88662290573
5.25741410255
10.9120872021
5.38229298592
5.07215094566
4.19371891022
10.9278428555
5.19467306137
9.99305295944
6.33422207832
4.48735594749
5.1371049881
6.59430885315
3.38819789886
3.00509381294
2.22516512871
4.70933485031
3.82561302185
4.59916615486
5.30632615089
8.68936896324
8.46983098984
5.91595888138
5.84078788757
7.63996601105
1.79433083534
9.5211648941
5.95487904549
10.5640130043
4.42984390259
5.50947403908
5.99343299866
5.27409100533
4.87363219261
2.92662811279
2.01914095879
17.2478950024
6.15471386909
4.56714105606
4.98582911491
4.84183096886
5.83082008362
5.07147407532
6.05862212181
2.30689311028
1.57669091225
12.1844410896
5.68443989754
5.58805584908
4.12191796303
8.19661712646
3.77889680862
5.07775211334
5.80820989609
3.39495277405
3.73946976662
17.0238289833
5.90334105492
4.61071109772
6.41114020348
5.86483120918
6.92520713806
7.4042699337
1.7928788662
1.62043905258
6.42772912979
3.27238178253
5.60499596596
4.61786103249
4.05636787415
5.36328291893
6.25827288628
6.45100617409
4.01681017876
11.0901219845
8.23105692863
4.59050703049
5.45972108841
4.6583969593
5.50830602646
5.82407712936
6.19286704063
6.3367638588
7.44178199768
3.77043700218
7.91864299774
4.04954099655
6.81833410263
3.03852009773
4.65225291252
9.03179097176
4.51695585251
6.21000504494
7.1999270916
4.0089070797
7.67499899864
5.78527712822
5.71099495888
3.66464591026
4.27378511429
5.09808182716
10.6985721588
6.74497890472
3.51091003418
4.39833188057
13.0776760578
4.61099410057
6.04316616058
3.98763012886
7.16426706314
4.34879684448
5.10937404633
6.11986207962
4.92420983315
2.98759293556
6.72184419632
3.26902914047
5.45828795433
5.53554916382
3.13027715683
7.99994587898
10.9362580776
6.85243415833
4.66775012016
3.10945510864
7.33501815796
4.92083287239
6.40801882744
3.46197891235
3.82838511467
6.10987401009
5.73270082474
4.53512692451
5.09169101715
10.2448141575
15.1054320335
4.9248790741
4.17220306396
5.47211790085
6.84717607498
7.60013008118
4.96722984314
3.61902403831
3.19685292244
1.93200492859
11.961233139
7.4698369503
5.09179115295
8.75621390343
5.90326309204
5.47565102577
6.01333785057
2.37567901611
3.27869319916
2.04292082787
12.305109024
4.82924604416
3.04156899452
4.99633407593
4.19851613045
6.74419808388
5.58235788345
6.06068110466
10.8629460335
6.12068200111
4.36470198631
3.82668805122
5.31528019905
5.02534294128
4.76977610588
5.32347583771
8.10198998451
6.30043816566
11.1569910049
8.50835394859
4.98753499985
9.56136393547
7.78129410744
7.73456001282
4.11024403572
5.72260379791
2.92687988281
3.29809308052
3.50170612335
11.169547081
4.49332499504
8.03712701797
7.80217790604
5.64658808708
6.45967411995
5.73637294769
3.96034216881
3.11544418335
2.37744903564
16.4080748558
5.58022499084
3.47196722031
6.03437995911
7.57088518143
3.91205000877
4.29574799538
6.56728696823
2.73167991638
2.11642599106
8.0328848362
3.93561697006
7.13672995567
3.84313106537
7.22750496864
7.62538099289
4.4924788475
3.70234107971
10.7813689709
1.59606218338
14.5562410355
8.26145005226
5.10385704041
4.56794190407
6.77873492241
4.47070813179
5.44334602356
3.79328298569
3.3383140564
2.57980799675
7.44317889214
6.5270049572
11.7384529114
6.5228869915
5.09793305397
5.23673796654
4.84912705421
8.18317317963
1.71784186363
1.34480500221
16.5537531376
7.3976919651
3.43189787865
4.59012389183
6.29140114784
4.93304991722
7.41658711433
3.48194789886
3.45328903198
2.40825510025
9.75653815269
4.26344919205
9.49655008316
4.14355921745
6.77415299416
7.33047795296
8.06850504875
3.57970285416
2.73614287376
2.97801494598
14.546079874
11.2746498585
4.02572393417
5.71724796295
3.80750513077
4.07322502136
6.49421191216
5.41530323029
2.45574593544
1.43849205971
15.6070361137
7.99287486076
5.35098099709
4.8534989357
5.78834915161
4.15162301064
5.44987392426
3.68892788887
3.07556891441
3.07756090164
6.22120094299
4.66365504265
6.15571284294
6.1841981411
7.88116908073
7.13881397247
4.009319067
4.4059009552
10.5999469757
1.90657520294
5.11583614349
6.46506595612
3.48855185509
11.0351588726
4.73836112022
6.51803779602
5.29788708687
5.35200786591
8.53268504143
2.93489193916
7.11215305328
6.77075815201
4.31218099594
7.95590496063
5.05271291733
10.8904111385
4.52844500542
8.22041702271
2.66442894936
1.66585183144
13.1238331795
4.42031693459
5.77809119225
6.52400612831
6.96993398666
7.08416604996
5.76164698601
3.85872220993
4.44074606895
1.41653585434
6.23098897934
3.83087205887
5.93248200417
13.2241420746
7.41553282738
5.76921892166
6.45109891891
6.56901311874
3.43000602722
2.72918009758
12.5282847881
5.53116393089
6.63541507721
6.05987000465
6.96482896805
3.61504220963
5.9156961441
7.10844182968
4.44123983383
1.3195669651
14.4233920574
4.59511995316
6.5562338829
6.18250393867
10.0379040241
6.56711792946
3.44860005379
3.71508383751
1.5460729599
2.68358397484
9.53487801552
3.51391911507
5.25230884552
9.28634309769
4.84313893318
8.49570679665
6.20225787163
10.3261108398
1.346544981
0.719347953796
11.0024359226
4.74894213676
9.86599111557
5.65443587303
5.25777196884
6.00487184525
5.89517903328
8.52249908447
2.07708692551
1.18765902519
3.90799093246
13.0107300282
13.024848938
9.08863401413
5.05393719673
6.01666307449
4.91929507256
2.17915201187
2.18690395355
3.16239309311
11.6537539959
4.20559310913
10.3707849979
4.08275699615
6.02195501328
5.6604578495
8.18846487999
4.35077095032
2.92295694351
3.00168800354
9.35456800461
4.30203390121
13.1208450794
8.15763401985
4.05622816086
5.16174197197
5.73661804199
3.59694504738
3.011521101
2.91342401505
14.7991800308
11.7302260399
5.65243387222
7.06077408791
5.64063405991
4.9554169178
3.71113610268
3.16970300674
2.23047494888
1.33664703369
13.3703989983
5.81198000908
4.36651611328
6.77463698387
5.99990391731
6.9047498703
6.98905086517
3.27942705154
3.2031879425
3.37114214897
11.3308320045
5.15252590179
10.697439909
6.74520492554
7.72566390038
5.72518610954
6.65239095688
5.05695390701
0.926792144775
0.749783039093
14.8122329712
12.3980209827
6.31917095184
6.18552708626
5.02664995193
4.86178207397
2.61544704437
3.07409501076
2.55032515526
2.81748008728
11.2560200691
4.68015408516
9.24308609962
6.66151404381
12.0744571686
5.9250869751
3.92265701294
2.90654587746
2.5461268425
1.27217102051
14.5047659874
10.5276501179
6.30785107613
4.8143928051
6.73207497597
6.74401187897
5.49770998955
1.73431396484
2.31117010117
0.757251977921
16.0095450878
6.1775431633
3.61571311951
6.66394400597
5.58697605133
5.3035941124
5.24020910263
10.2882378101
1.08498287201
0.858450889587
13.821434021
4.75293397903
5.9883658886
5.37744283676
4.83309698105
6.44517207146
6.48924303055
9.97040200233
3.00903701782
0.665271997452
16.7282919884
8.30028414726
8.84933590889
4.66869997978
4.42326903343
4.45888495445
10.8202040195
1.52805709839
0.571373224258
0.414203166962
14.0838389397
12.0900800228
6.7307779789
5.19077992439
4.1575949192
4.73235487938
9.13637089729
2.82394695282
0.820419788361
0.624773979187
10.9632101059
4.6081058979
10.6934239864
5.51123309135
11.0193579197
3.91795706749
8.00830698013
3.98936915398
1.20987391472
0.89990401268
6.39886903763
2.9496281147
4.84990096092
39.8667690754
2.03246498108
2.06262803078
1.2583129406
0.645928859711
0.104347229004
0.105871915817
14.8678689003
6.02191519737
4.28818202019
7.19783520699
7.36465597153
7.06852602959
10.4256739616
1.68942785263
0.806293010712
1.03449702263
15.7308981419
9.09498786926
8.18415808678
7.23020815849
6.47074508667
8.28374791145
3.16828393936
1.62829303741
0.615753889084
0.126507043839
4.16945004463
2.35402297974
3.28449010849
6.17127513885
40.1040551662
1.94742298126
2.16800403595
1.02102899551
0.957868099213
0.0797040462494
