3.7408220768
2.48018097878
1.46412491798
4.70633411407
4.65759420395
3.68618917465
3.22262001038
4.44965410233
4.10714006424
4.44264888763
5.20431423187
1.64693284035
4.95185279846
5.20894908905
2.68153500557
2.90735697746
4.34573984146
2.56844115257
3.73354005814
3.01109600067
3.16240501404
2.60945606232
3.37483215332
3.43702816963
4.9074909687
3.14172911644
8.11378908157
3.81390404701
3.11205005646
2.22826099396
4.09286904335
2.20683407784
4.53099012375
4.28791999817
4.8046131134
3.16178512573
2.6118478775
2.72823500633
4.81580305099
2.33011293411
4.5773100853
1.80084395409
4.79272389412
3.11927008629
4.89959383011
2.81890511513
3.90863490105
3.20357704163
4.159044981
3.56242609024
5.24200201035
1.43177318573
4.25068902969
3.5769238472
5.70267891884
3.02556395531
4.59714984894
2.51742005348
3.45015907288
4.23911595345
3.54927515984
4.57239794731
2.56513285637
5.62674689293
4.43632102013
2.83270692825
4.5928812027
2.82176995277
4.77179098129
2.71748995781
4.23533797264
0.947108030319
1.67250013351
4.01485085487
5.58908700943
5.01950097084
5.76740503311
4.52941799164
2.96988391876
3.82545423508
5.34861016273
2.13095498085
4.55289506912
4.11106705666
5.32673311234
2.86442804337
2.67909884453
3.32894897461
5.1122071743
2.1822450161
3.56993913651
4.14551901817
5.40094709396
3.36403918266
3.35616898537
4.24560594559
2.4749879837
2.21577620506
3.9896941185
4.66100478172
3.57559609413
6.63660979271
3.63485693932
4.7057261467
3.73068284988
3.34319901466
2.8502779007
3.72194314003
3.87374591827
2.98951387405
4.30913710594
5.0792350769
4.79577803612
3.93552708626
4.55513215065
3.90833592415
3.10542988777
2.34222912788
4.1489918232
4.43089079857
3.7295320034
4.86198496819
3.58673596382
4.0880548954
4.42515897751
2.34896802902
4.16021203995
4.11247301102
4.84801602364
3.99235010147
2.59301400185
5.39898991585
5.12756204605
3.58177804947
3.4765920639
4.74988889694
4.28349518776
4.03824305534
2.4923491478
3.15021300316
3.06174516678
5.62900304794
3.48860383034
4.8034119606
4.20663690567
3.95725989342
3.47233200073
4.37395906448
3.76045823097
2.82654905319
5.02707719803
5.11084103584
5.49768090248
2.94039702415
2.49233198166
4.44508719444
3.99554395676
2.9291369915
3.51537513733
2.33777499199
6.85678815842
3.38016295433
5.31507205963
4.24708604813
3.07055902481
4.41494894028
3.73424911499
2.36977601051
3.36043000221
2.33007693291
4.21873307228
2.58121991158
6.0004529953
5.24534916878
2.60327410698
5.33586907387
3.73206686974
3.72105908394
2.93308806419
2.24786400795
6.03135204315
4.01971578598
4.87703585625
3.3371989727
3.30116009712
3.45660400391
4.50815606117
4.71267318726
2.39778995514
2.80779719353
3.31742691994
3.28359389305
1.54543399811
3.41155791283
6.48117184639
3.66168379784
8.98570179939
3.85708999634
4.38304710388
2.69722318649
4.51856207848
2.71602392197
3.38742780685
2.98195505142
4.39487886429
6.83569502831
3.96796607971
3.64496302605
4.56634998322
2.2799179554
3.03397703171
4.81237792969
5.65595078468
5.22555994987
2.48171710968
5.3502869606
4.48871994019
2.66763401031
3.31179690361
2.34789800644
4.67735290527
5.08664894104
3.72482085228
5.22699093819
3.28718495369
3.93470096588
3.26131606102
3.44531202316
3.30517697334
2.91080784798
3.3785469532
2.77843904495
4.80870199203
5.70502090454
3.11861920357
3.22209405899
3.58608603477
5.08051919937
4.1957681179
3.51098704338
5.28481197357
2.97552680969
3.37958598137
4.99896001816
4.01263999939
3.30530190468
4.51639199257
4.18571996689
3.85789012909
2.28402614594
4.85530281067
4.40005683899
4.15150690079
3.86319494247
4.78811788559
4.607380867
3.65075707436
2.9545249939
3.38616204262
2.35947299004
4.47014498711
1.3899269104
2.39510893822
4.78774619102
3.95122790337
3.08870697021
6.33526110649
4.11168718338
2.71261382103
7.19413590431
6.30109596252
2.87058091164
4.31490397453
5.70968389511
2.29781293869
3.60232019424
3.69969797134
5.47313213348
2.77628803253
2.85911011696
3.70281887054
2.94327998161
5.35988211632
3.77957677841
3.95313000679
5.64933109283
2.98782706261
5.29804897308
2.42563605309
3.36475086212
5.45085597038
5.19047212601
4.32747101784
2.7397840023
4.37484788895
4.39104008675
3.04542779922
3.33376002312
2.55280709267
4.65873003006
6.2316069603
3.32945513725
4.25945115089
5.6284930706
3.05259895325
4.44596290588
3.80479192734
2.59573101997
2.48536610603
4.6744389534
6.61869502068
3.92746901512
3.53927087784
5.94284009933
3.55784702301
4.13414716721
5.72871589661
2.60024881363
3.00339102745
1.92984199524
3.90551900864
3.10108208656
4.62663602829
4.26205706596
5.09641480446
5.0930120945
3.95483803749
5.10150289536
4.7835149765
2.16433787346
4.70002508163
3.14323186874
3.83139395714
4.49018287659
4.77992081642
3.63069796562
2.81405210495
4.07628297806
7.31753587723
2.22926306725
3.85341405869
3.00481891632
3.42910218239
5.43400001526
3.54540395737
5.1251578331
3.73639416695
4.11576104164
3.49942517281
4.36756300926
4.84527111053
1.82788681984
4.31077289581
3.88851308823
4.3631310463
2.3397860527
4.64845108986
3.35722899437
2.9219019413
8.55741095543
4.34583115578
3.85915994644
6.9704079628
5.66973209381
3.96267199516
4.14712309837
3.17545795441
2.61255908012
3.49931693077
2.19580602646
3.98168897629
2.68755888939
4.73427605629
3.97170591354
4.84542918205
3.66829586029
3.45136499405
6.51063609123
4.56820988655
2.37959599495
8.51742100716
3.11198496819
5.45280003548
3.99732995033
5.29202103615
4.45600485802
3.30525517464
4.1616089344
2.44700407982
2.29916620255
3.85817694664
2.70347285271
4.76379990578
4.52885890007
3.61389899254
3.8067510128
2.48996496201
5.82702207565
7.07341003418
2.03212594986
5.66096496582
4.53377199173
5.90409803391
3.67782402039
3.71788692474
3.34467101097
4.94489502907
3.35789608955
2.06676793098
3.68683600426
3.11915397644
4.83165311813
4.21669387817
4.51028203964
5.15488386154
4.07074403763
4.07302212715
5.79078102112
3.25083303452
3.39156293869
7.26575994492
5.26918506622
2.94097900391
4.03047800064
5.12162995338
3.95638489723
5.95419979095
3.65923690796
3.05953288078
2.19959807396
6.28414297104
2.91485691071
3.18519711494
3.6587600708
3.44785094261
4.59898781776
5.29805612564
2.43084907532
6.8903901577
2.68400502205
4.19287204742
4.5843360424
3.63779616356
5.07888698578
5.91003298759
3.79009199142
4.16726493835
4.54058098793
3.5367372036
2.81246590614
12.3017120361
3.55973482132
2.79596185684
3.03240299225
4.81830692291
4.53095602989
2.00173306465
3.50487208366
2.33622288704
2.97031903267
5.27044296265
3.85864305496
4.96510004997
3.27888917923
5.46241998672
3.61323690414
7.06142807007
2.58861684799
2.76827311516
2.88690781593
8.8356590271
3.5591840744
5.18227577209
5.18659591675
3.57083702087
3.80686211586
5.45816707611
3.07843184471
2.99266004562
2.32836198807
10.9513549805
5.41366291046
4.85798501968
3.1411049366
3.9884121418
3.59187602997
3.98525190353
4.39678001404
1.82586717606
1.69005084038
5.25805401802
3.05800795555
5.06394290924
3.76935601234
6.35609292984
2.67776107788
7.31331992149
4.31457591057
2.37473106384
1.502617836
4.70852804184
5.27579402924
2.45097517967
6.78024792671
4.96304607391
3.72080183029
5.63196086884
2.21576595306
8.81911087036
1.45893311501
5.00433897972
3.24538588524
3.10702395439
4.11921215057
4.19461894035
4.53155684471
3.96501779556
8.39189291
2.88472795486
4.69283294678
3.25424194336
1.40634298325
4.51479578018
3.09914493561
3.33639621735
3.14844989777
7.60509490967
5.59796094894
5.25221610069
4.96812486649
5.82570099831
3.03468799591
7.05074191093
4.46100401878
3.40272903442
2.46868109703
3.49442100525
2.59354305267
5.45787000656
4.89175510406
6.1673719883
2.39390492439
4.54729509354
5.63611698151
3.11016106606
3.98472094536
2.7636179924
3.52431797981
8.80509519577
1.42794013023
10.3163468838
4.49041008949
4.33877587318
4.14883208275
4.28477597237
4.20879793167
4.71742987633
3.28579115868
2.55512690544
1.99597477913
6.54058885574
3.52550697327
3.76490712166
3.63297104836
5.70615696907
3.26240801811
4.83403611183
7.52976918221
2.32022595406
1.72922587395
6.40280818939
2.47450900078
6.85700798035
5.69897603989
4.16253185272
4.16993403435
3.93204188347
4.32885193825
3.78946590424
1.28353309631
4.83429503441
4.0050599575
5.43403983116
4.83358001709
5.06518483162
3.57029914856
3.75524306297
4.7452609539
2.29130196571
5.98518300056
4.19305992126
2.76548695564
4.92187905312
4.05511593819
3.99907708168
8.31886291504
5.35250616074
2.73001790047
2.92909693718
4.76781082153
5.58460211754
2.3289000988
5.21446418762
4.32625794411
4.24146914482
3.11068487167
3.69887399673
5.2113969326
4.34018301964
5.8314769268
4.0204269886
3.26981210709
3.23144102097
3.70336914062
4.50500583649
6.44527101517
3.90419101715
3.68972492218
7.72559213638
3.53518295288
4.70704221725
5.46663403511
5.28116512299
3.75976395607
7.99409604073
4.81410193443
4.34402894974
2.16046690941
3.27559399605
1.13945388794
9.19920611382
4.96576905251
2.7647459507
4.50914502144
4.66955280304
3.93439388275
3.94571399689
6.55967593193
2.75058197975
1.51508402824
3.94442796707
2.89367508888
5.05427503586
4.81225204468
3.19052815437
4.43288588524
3.63635611534
3.57361292839
7.97904086113
3.43419504166
10.8109850883
4.71499300003
3.79763507843
7.21321511269
3.71187186241
4.30720591545
2.43683505058
2.78871488571
4.18778395653
1.17283797264
9.74697804451
3.29513311386
5.52190208435
5.87685608864
2.75317287445
4.83918714523
2.00169587135
4.37227010727
2.55004096031
3.60934185982
8.57675504684
5.15033602715
3.1822078228
5.53986406326
3.85624599457
3.29790306091
3.9174349308
4.03026390076
3.45711684227
1.82104706764
9.27290010452
4.67826700211
3.80395913124
3.55466794968
4.02389907837
2.91368293762
5.14138102531
7.9221830368
2.50445604324
1.27859687805
12.5242769718
3.9503929615
3.31699490547
5.02640318871
3.57751893997
3.74920105934
3.18514108658
3.83597707748
2.28344702721
1.88735604286
9.70366716385
4.48632907867
5.10210084915
5.89313793182
3.11359500885
3.19263386726
4.78219485283
3.63662600517
3.07351493835
2.47660303116
5.95535707474
4.01343107224
4.67807197571
5.70724201202
6.90600299835
3.07063293457
5.5329990387
3.22658896446
3.15924191475
2.47149705887
6.37469601631
4.647783041
4.36320710182
3.41101884842
5.43134999275
3.66884899139
6.8945889473
2.76616477966
5.20247101784
1.95916008949
6.63595700264
4.47246813774
5.6133749485
3.98245406151
7.28498482704
5.27525997162
3.19645905495
3.04171395302
4.07201600075
1.4033498764
5.13055205345
3.94638395309
5.08903503418
2.73042201996
3.91521000862
3.59075403214
4.51680612564
5.59381699562
2.6911649704
6.02808117867
10.7329280376
5.87749886513
5.04842305183
4.59992790222
5.27138996124
1.99563193321
3.36549592018
4.66992211342
2.9445950985
1.09705209732
9.65357589722
5.02234482765
5.13973498344
6.55543684959
4.79196190834
3.11253809929
6.30380702019
2.30890488625
1.99457883835
0.859164953232
8.10291218758
3.26069998741
5.78905892372
2.77214097977
6.53253889084
3.65277886391
5.07573103905
3.2775990963
4.50903606415
1.42049312592
7.37214899063
5.30199885368
3.92603707314
3.95887303352
5.25028300285
3.67369699478
3.35841417313
7.45888710022
3.32233691216
1.08216691017
9.88836407661
2.58767700195
5.03989601135
4.20402407646
7.50078392029
4.66217780113
3.08476209641
4.48360586166
2.7451338768
1.51361894608
5.38461518288
2.6846280098
5.75597596169
4.37400484085
6.91542100906
5.30386614799
2.20058608055
8.41214108467
2.27154803276
1.21495199203
6.02274489403
3.44175601006
4.35698103905
4.43463802338
6.21379494667
2.66467690468
5.12092590332
8.44098877907
2.66128706932
1.36318683624
4.5569729805
4.00299501419
3.94344592094
4.8394920826
4.56288003922
4.70271086693
1.84742593765
3.46729183197
4.65517187119
6.93570399284
3.80546402931
1.94193506241
4.9008231163
4.45749688148
4.295140028
5.18104195595
4.83763098717
5.07085084915
3.05775499344
6.79086208344
3.92972397804
4.48145008087
3.96925592422
3.43760418892
5.35560011864
5.68844795227
4.18272399902
2.27565002441
3.94385790825
7.06278204918
12.9251799583
4.54140806198
4.37670993805
4.29332494736
2.98678088188
5.51418995857
2.98447799683
2.50706291199
3.1805870533
1.13746809959
3.30204916
3.4338889122
3.89411997795
4.1362631321
5.05189800262
5.08081412315
4.92431998253
3.11909413338
3.42448592186
8.18046784401
9.21189808846
3.85633397102
4.13558602333
3.25637698174
8.02963209152
5.84924602509
3.16257596016
3.50919318199
3.67036104202
1.31612110138
4.21651816368
4.32887506485
3.56741404533
5.39810204506
7.41000699997
3.82582497597
4.78938579559
3.91128396988
6.6363120079
1.02472305298
10.5749528408
2.91203594208
4.44036507607
4.64021992683
3.14971590042
3.91786909103
4.34611392021
8.65603113174
2.63984203339
1.47481107712
14.3346760273
4.19147801399
4.81544613838
3.78817391396
5.44467997551
3.33340907097
4.40880703926
3.0446190834
1.28825807571
1.10285878181
12.3421678543
4.13452601433
3.86950612068
3.71787905693
3.17167305946
4.96848797798
7.15349888802
3.97751712799
1.11658596992
0.703573942184
10.0704190731
3.28173995018
5.50987505913
3.56877803802
5.46504378319
4.49742102623
2.47478890419
3.94842100143
7.15765500069
0.602636098862
12.5356390476
6.12305593491
2.7149040699
4.36520600319
2.36783409119
3.86264300346
8.48815512657
2.51645088196
1.60645699501
0.401333093643
9.44174194336
5.55467891693
6.04847693443
5.32286310196
5.357847929
4.29946088791
3.67673897743
4.26020693779
1.85284805298
1.22032594681
9.92987108231
2.81956410408
5.82093906403
2.60550689697
5.49457883835
3.67303204536
4.73611092567
3.63043904305
7.67679095268
0.835108995438
10.7805919647
6.2258951664
3.78183102608
7.5024998188
6.7995288372
2.92218589783
2.56812596321
2.9285569191
1.69783806801
1.78547596931
10.9215159416
4.55664992332
5.57722783089
3.54415488243
3.463326931
2.90388083458
2.86129498482
4.17226195335
8.10054111481
0.890018939972
10.6119589806
5.44458293915
2.98969507217
4.80237984657
3.85608696938
3.86735296249
3.92887711525
4.29872918129
5.46036100388
1.61983704567
3.71802210808
3.60726189613
4.96231007576
3.04545712471
5.63254404068
5.30861091614
8.12017202377
2.36788105965
6.38236904144
1.84284710884
6.65666007996
2.80916595459
5.40576696396
3.50006914139
3.17261910439
5.48435902596
6.86174201965
4.64060902596
5.71560907364
1.45765209198
5.66520810127
3.79866600037
5.10383009911
4.57721090317
7.40260195732
6.1781680584
4.12426304817
6.17417502403
1.31150102615
0.682101011276
12.8207290173
3.06530499458
3.51027703285
8.25375699997
4.60937595367
8.75723218918
1.93857097626
1.36481118202
0.260562896729
1.06687998772
8.58036398888
4.56938409805
3.83837199211
6.60693001747
3.13703489304
5.10518693924
8.72146296501
2.1003267765
1.39823198318
0.610861063004
8.09321689606
5.04695606232
5.17105484009
7.17174100876
3.79020810127
3.72009801865
8.49415683746
1.89736580849
1.1112139225
1.73240685463
7.88258004189
4.12901091576
4.77868103981
5.37622714043
4.13112592697
4.68041181564
3.35500502586
4.84265804291
5.73243308067
1.54665589333
7.06632018089
3.47638607025
4.712911129
4.90789484978
7.92046189308
4.57151079178
8.61301398277
1.75990915298
1.56505680084
1.6482861042
10.9596121311
3.89073705673
5.67936587334
2.21203303337
5.9189479351
3.07266998291
4.87857508659
2.1583211422
6.47659397125
2.1338801384
6.15406799316
5.39600396156
4.35537385941
3.33690285683
7.87865996361
3.28849697113
3.4921631813
3.89028120041
5.39364004135
2.30113601685
3.21470093727
4.03254413605
5.21461582184
5.35604214668
3.55814290047
5.74329590797
5.11552000046
8.61341810226
2.89657902718
2.33934998512
13.4458148479
5.97025918961
7.20949888229
5.61929893494
2.97750210762
2.66865897179
5.92920613289
1.52635478973
0.109689950943
0.112907171249
