4.54342508316
7.40800309181
6.39610290527
4.41139483452
3.40044498444
4.54667592049
9.89287209511
3.91996312141
4.3538210392
6.14370799065
3.8222720623
4.26312494278
4.20354294777
4.78036403656
2.69905519485
3.56226587296
4.33828806877
4.38481497765
7.60140991211
4.13683605194
3.33113288879
9.65557909012
3.98040819168
6.99494886398
5.22343397141
3.6657140255
3.75518512726
4.44961094856
4.07744288445
5.00603294373
3.93526387215
6.12331104279
5.34611296654
3.68814086914
4.99815988541
2.76086497307
4.27255892754
5.01899600029
5.65469884872
2.8981089592
4.21900415421
4.10703897476
3.92985701561
4.79873800278
4.78847193718
6.00499606133
5.40290403366
5.1279759407
4.31117916107
8.57793498039
5.45026898384
2.91775512695
3.12209105492
2.94643998146
3.7522881031
8.94449019432
6.32521605492
3.96945500374
3.9971909523
5.22493004799
3.66276192665
5.27917408943
3.51805114746
3.77151107788
4.1309838295
1.44403195381
3.66040921211
4.83996891975
3.80509495735
5.65905690193
5.39321899414
5.99632692337
3.43223905563
2.51856398582
5.39335894585
3.4906680584
5.1010351181
3.22045111656
2.7308011055
3.13374996185
3.46646785736
4.02813506126
3.53779101372
3.4522190094
3.24507904053
2.47971701622
5.10082888603
3.72922706604
5.34165596962
3.61530590057
3.91621994972
5.55139994621
2.6246368885
3.46214699745
6.83571314812
6.51631712914
3.90274786949
4.48718214035
4.28708219528
4.32096385956
3.37351584435
2.89921188354
3.32478380203
3.89424586296
3.82120919228
5.88742208481
3.92188096046
2.99300003052
3.83810091019
4.42872190475
3.24798297882
3.13697719574
5.43918299675
4.01038908958
3.58214092255
5.55262494087
3.80178284645
5.38841199875
5.08555698395
4.43994092941
3.229170084
3.13732290268
5.0484650135
4.63423395157
5.81118512154
4.53987598419
5.17244005203
2.68778514862
4.44911003113
5.70631599426
3.58064484596
2.62969303131
5.10822606087
3.42051815987
2.72274303436
6.87342000008
4.02316498756
2.96847009659
3.75389790535
4.89983415604
3.66947984695
4.33887720108
5.13315582275
3.14272689819
4.149559021
5.13202404976
4.72032999992
3.30413913727
3.63834500313
5.58960604668
3.46005296707
4.15803694725
3.89298987389
6.59604811668
4.38162994385
5.86492109299
3.64727306366
2.72200703621
3.712444067
3.67077708244
2.95539903641
3.1096470356
5.93090295792
4.01880097389
6.34684991837
3.80753898621
4.82273888588
4.17465686798
4.8127849102
3.16617393494
3.26615691185
3.72806096077
4.84692811966
4.1021771431
2.98345994949
5.53871893883
5.1498811245
3.47060418129
3.49864602089
4.85819101334
3.32389211655
2.82291102409
7.22939109802
3.11400699615
2.19782996178
5.48202991486
5.37325286865
4.47880101204
3.87953400612
3.45048713684
6.31903100014
3.35972714424
4.72332596779
3.98968982697
6.55226516724
3.71584820747
5.19275999069
2.95827507973
5.03525185585
6.05269789696
4.28803610802
3.77496004105
3.52068710327
3.39925599098
3.37665820122
6.25812983513
3.7994120121
7.748016119
5.77163696289
4.59661507607
2.50681686401
4.01233792305
2.73158383369
4.57331204414
2.91533493996
4.68009996414
4.40371012688
6.91937303543
4.00550580025
3.87563300133
4.67340612411
4.58567500114
3.52766609192
2.60278391838
4.85087704659
5.58530807495
3.23861813545
6.04210615158
3.69598388672
4.52675700188
4.00405097008
4.54932308197
3.85974192619
3.39539694786
2.54060912132
5.19592785835
3.77458500862
6.33949804306
4.18359684944
5.19093608856
4.92234396935
3.7490170002
4.18868494034
4.28966283798
4.60425710678
6.60949492455
7.80410790443
4.17236709595
3.10674905777
3.11429381371
3.07594299316
3.23996496201
3.5473151207
4.27751708031
3.37429904938
4.58805298805
4.37026000023
5.64673519135
2.94669508934
4.03882479668
10.3635179996
2.64780783653
3.90056109428
3.19401502609
2.82868504524
4.71017503738
3.48395991325
3.87504506111
6.62649297714
4.44792604446
3.41301083565
3.73821997643
7.83465194702
5.640625
4.25928497314
5.6809527874
5.23061084747
4.86504602432
4.85740590096
3.03072786331
3.18059492111
4.53994202614
2.96373915672
4.40051817894
3.31499791145
4.27291321754
6.6298429966
4.85816812515
5.75329899788
4.08046412468
3.33918809891
4.93807196617
3.3015639782
8.94752597809
4.64101600647
4.22838497162
5.95845794678
4.91661810875
4.64441418648
2.63715195656
3.46917009354
4.53751707077
3.13791108131
5.66945910454
4.60115218163
5.46874690056
4.70336198807
4.75336694717
3.73676109314
4.78667497635
3.09126210213
4.07502508163
4.75752401352
2.42198705673
5.8670361042
3.87923598289
3.9867708683
4.45166802406
4.23578906059
6.35890293121
3.48074913025
5.60743379593
4.76122093201
4.1123290062
8.89627408981
4.0580830574
5.51113200188
3.92030692101
4.97039008141
3.05522203445
4.68106198311
5.85502696037
2.87415099144
3.93485403061
2.58920907974
5.51102900505
6.74942588806
3.94417905807
5.17892193794
7.40419912338
3.86181616783
3.96886396408
2.8821618557
4.36447095871
3.90274906158
4.09574007988
4.71185493469
3.27829384804
4.39488720894
6.00542092323
3.82763409615
6.82809281349
4.24811506271
3.7504928112
5.27765917778
5.75090694427
4.74648785591
3.68932199478
5.73242688179
5.47463798523
3.38370895386
4.86207914352
5.35610890388
3.22792410851
2.04819202423
3.68498802185
5.82936191559
5.71250987053
5.22704696655
5.41319704056
3.92901802063
6.1918900013
4.79685401917
6.1878759861
3.50384902954
4.01453089714
4.92245411873
5.53184294701
4.51237392426
3.2075688839
5.36846590042
3.08525300026
5.35845685005
5.47224402428
6.35101819038
5.21758294106
2.99745416641
4.71890997887
5.66467809677
4.30207395554
2.3813970089
5.44907307625
3.33222794533
3.66120791435
4.3542239666
5.74558401108
4.62564992905
4.56408190727
4.46141004562
3.25292897224
4.62991499901
4.78837800026
5.76337790489
7.49513411522
5.12893009186
4.62609314919
3.69410991669
5.04439496994
3.44019722939
3.91740393639
2.82136297226
4.26406121254
5.59156394005
4.06070995331
3.62130904198
4.31826710701
6.46814823151
6.02315402031
4.37052512169
2.93377804756
6.29439616203
4.74216508865
3.37482905388
7.92147493362
3.86935901642
4.7502219677
3.07420897484
3.13305401802
4.4143807888
5.74347686768
2.76528000832
6.89673709869
3.42197489738
10.7504692078
4.37107896805
9.40290880203
4.64593100548
3.96223592758
2.41806221008
6.49091005325
4.63462805748
7.62615299225
4.10115599632
6.10288214684
6.75680994987
5.64974403381
3.0604891777
2.87026190758
5.6478729248
2.19827485085
2.35575199127
3.23770093918
2.04959201813
3.86887407303
4.75887298584
2.9628329277
5.44705295563
4.93605518341
10.2567298412
7.16102790833
2.52696084976
5.08148598671
3.7946100235
4.60836791992
2.75522208214
3.6093351841
2.90455508232
3.65024518967
7.5686841011
10.2587559223
2.56813788414
3.3171210289
3.24791312218
3.85085391998
6.95809698105
8.07350301743
5.6662800312
4.58366394043
3.69781208038
6.42757296562
2.60715293884
5.13840889931
4.25117301941
5.81596398354
5.73107910156
5.7593870163
3.66759800911
5.09808492661
4.46226406097
3.74017715454
4.00422000885
3.18867301941
7.7958920002
3.39502120018
4.56408905983
3.66069412231
4.77784609795
7.00343799591
3.31919384003
5.98779511452
3.85356092453
4.2796459198
3.56728696823
4.87796711922
4.40172600746
4.07438898087
5.88053703308
5.27696299553
5.00557899475
5.47392201424
4.05136609077
6.20482683182
4.4503569603
4.87318897247
6.70522689819
5.07199883461
6.72343993187
2.88162994385
4.02762985229
3.49239802361
3.25320410728
3.50270295143
2.9547700882
5.50393199921
7.17904400826
3.88481593132
4.5492939949
8.91234493256
3.33908605576
3.08844208717
3.98312807083
3.3015639782
2.05295109749
5.23506307602
5.67006111145
6.27726507187
4.04336905479
7.53619813919
6.48084497452
3.86199998856
2.74013900757
8.43812322617
3.90650081635
4.34595894814
6.95415401459
4.33538198471
4.19876384735
4.86419796944
3.64795708656
4.06675577164
4.70107197762
6.69891285896
3.77560520172
4.00451397896
9.53826498985
5.56224799156
3.00536704063
3.59726905823
4.60542392731
3.36713886261
3.24500799179
8.40448307991
6.18790721893
4.27974200249
4.01196193695
3.33233308792
5.69144487381
2.68404197693
5.14385318756
6.81511187553
3.52579784393
4.5021739006
3.36906194687
3.89916801453
6.95780110359
5.4565320015
3.82106804848
6.81874608994
4.4599108696
3.39612412453
4.98462891579
2.82090783119
2.84187102318
6.65582513809
3.97675681114
5.71995806694
5.43044614792
4.91317796707
5.27604818344
5.51632905006
4.48380589485
2.58569502831
5.35000300407
6.10993599892
4.18403100967
6.68987393379
5.22168111801
4.40278792381
5.63824105263
3.7980260849
4.1578681469
6.57874107361
4.65417194366
4.02315402031
6.83783197403
5.68661904335
6.74703192711
4.24594902992
3.53708386421
2.92259812355
2.53741192818
5.52740693092
4.5058889389
4.72000408173
7.00072813034
4.86627793312
6.9805829525
3.76909279823
4.71955704689
2.77873301506
2.87820315361
4.08211088181
3.57270121574
3.71331787109
7.60193300247
2.64554810524
5.28649401665
8.38184714317
6.82160782814
2.45896697044
3.28414082527
6.24816393852
5.36522388458
6.23442196846
6.63260602951
6.16724896431
3.03969311714
3.75940203667
3.52658700943
4.09400081635
2.7279419899
8.75678491592
5.14563798904
4.94316601753
5.10994505882
5.8329269886
2.57427501678
4.04405093193
4.22527599335
4.36032700539
3.27827000618
6.49232506752
5.15735197067
4.85789704323
5.51738786697
4.30199289322
4.48601603508
4.50300312042
6.87433385849
3.00719499588
2.72718596458
6.70688486099
5.98062205315
5.65156292915
3.85120677948
4.88166189194
4.87307310104
3.75730109215
5.73701000214
4.87134599686
2.89914512634
8.54154205322
3.89035701752
3.88759994507
4.81984806061
4.5692551136
3.73496603966
9.41846990585
5.05905294418
4.77654194832
2.10775995255
7.50099802017
6.57917284966
4.40931510925
2.8900949955
4.39285707474
3.86316990852
4.86893796921
3.66274809837
6.70921111107
5.11796808243
3.78109812737
6.90630197525
5.19560289383
3.08811092377
5.73274111748
4.80977487564
9.2227268219
4.46774601936
5.07929301262
2.65702605247
7.0457098484
4.41667103767
4.99757218361
5.2043261528
6.31641101837
3.83456206322
4.39587402344
4.73742103577
3.71948218346
3.71631503105
7.48100590706
4.68508720398
4.62697887421
4.11076784134
5.42404794693
5.83541297913
4.652810812
4.68807387352
3.09722518921
3.66836905479
5.21506690979
4.62593913078
4.09738302231
4.27685403824
4.94624209404
3.68317103386
10.7027959824
3.66075897217
5.08358120918
2.47052407265
7.32060694695
5.21884179115
7.73970603943
2.8942990303
5.59463906288
5.41140604019
3.49182796478
3.43428301811
3.33799386024
5.31952118874
8.70751094818
5.5091278553
5.86311817169
5.38076400757
3.84014606476
3.3892428875
3.78782105446
3.65922498703
4.48890304565
4.01511693001
10.1048700809
5.59731793404
4.23003005981
4.95233106613
5.92605805397
2.43348479271
2.59744000435
4.72900485992
4.11845707893
3.93934106827
7.17814993858
4.64989113808
5.85972690582
4.56486296654
4.33039593697
6.96636009216
4.29293608665
5.75876116753
2.71902704239
2.22069787979
8.10216283798
3.37545609474
6.30176186562
4.04255700111
5.24711108208
3.20823287964
4.25233101845
5.83415699005
4.98154497147
3.34331083298
4.98069310188
6.67300796509
5.71712493896
9.59434890747
4.81865501404
2.60736298561
4.97617411613
5.88886213303
3.88687300682
2.07639288902
6.05990099907
4.68187499046
5.00473093987
8.59632396698
5.334389925
3.11919283867
5.13314318657
4.70697307587
2.80018091202
4.46736216545
6.85880494118
5.61068105698
5.48533701897
4.74546098709
4.38220286369
9.13160395622
4.00775098801
2.56226491928
3.12227582932
3.24487996101
8.82785201073
4.51608586311
4.09033608437
7.15464496613
4.93666005135
5.34134578705
4.44338989258
6.5577750206
3.33566594124
2.27833986282
4.48499798775
6.28806304932
4.00734496117
6.62929987907
5.70317292213
5.7609000206
3.99457287788
8.79965496063
2.70203113556
3.72452497482
5.32698297501
4.96979808807
5.44687509537
9.01842188835
4.82574892044
4.637622118
4.55017495155
3.74665498734
3.04025912285
3.54526996613
5.89379811287
4.4026620388
3.40424799919
3.76760387421
4.15824103355
5.17849493027
8.52702713013
8.61779999733
3.3091480732
1.69385004044
3.38241696358
2.83956694603
3.82563185692
4.16230177879
5.45273113251
4.13237094879
6.60588693619
3.76838302612
9.59453392029
5.57665610313
5.19287109375
5.09312701225
4.85924196243
6.57076787949
6.27827811241
6.7841231823
3.29920387268
5.40752291679
3.70035815239
2.20507693291
4.40940690041
3.61891913414
5.96482610703
4.26574087143
5.93028187752
5.87430810928
4.22173213959
9.25351190567
3.90961408615
1.9065618515
4.71472215652
3.22695493698
5.76104998589
4.51467013359
2.71268200874
5.45820879936
4.22296404839
4.66526889801
9.09742212296
5.91177892685
9.27283906937
6.63939905167
4.07429289818
4.10414814949
3.93798899651
3.65670609474
6.03430390358
4.95982789993
4.09741401672
2.42250800133
7.66785502434
4.22755098343
4.67288398743
4.66332888603
5.68077421188
7.37055206299
7.24750709534
3.69244813919
3.38489079475
1.08081793785
9.89755988121
5.70926094055
7.05198693275
3.98675704002
5.79593515396
3.24985194206
5.90004706383
2.69505596161
2.93168711662
2.18858194351
8.91364383698
4.48716211319
3.75212597847
3.39981222153
5.97488498688
5.64153409004
4.11228704453
6.53343486786
3.78424787521
2.48952317238
9.28456401825
4.50982189178
5.05966496468
6.16372895241
4.874573946
5.273635149
5.02757501602
3.09293603897
5.38696289062
1.16066598892
4.72765803337
4.4943819046
5.00955891609
3.90353512764
6.8292889595
6.58100914955
3.09628009796
9.71327090263
2.77393507957
2.76375198364
7.21838116646
5.36917114258
5.38172388077
3.78707289696
4.69221901894
8.8547141552
4.53363394737
3.32052087784
4.3808259964
2.53326797485
7.01138806343
4.76358103752
7.33760213852
2.86726999283
5.05132699013
9.34541606903
7.38662910461
2.784897089
1.96934604645
1.147605896
5.25156593323
4.12160396576
5.64216804504
9.48322296143
3.84318614006
4.94866394997
3.89106798172
5.86967301369
5.03397297859
2.16670680046
5.33643198013
5.24717998505
5.0481569767
4.36775898933
4.52034401894
6.70965385437
2.75721979141
8.94752788544
3.99734711647
2.61792302132
7.30399894714
5.47366690636
4.96620798111
5.17837285995
4.38393306732
9.25940203667
3.34869003296
3.41013598442
5.32483887672
1.16380095482
5.05836892128
4.06698703766
6.36901593208
6.66490483284
5.64924621582
10.5947458744
4.65780091286
2.53339290619
3.51841902733
1.58387613297
3.42232108116
3.32373094559
5.47163105011
7.12604904175
2.8097038269
5.07273602486
6.88243103027
8.9388449192
4.18339705467
2.84507894516
5.21884083748
5.50937080383
4.73683404922
6.31244707108
4.52059102058
10.2739760876
3.12649106979
3.02375793457
4.0651819706
3.14033508301
2.99041891098
6.73214292526
6.33309006691
9.19237709045
5.06275200844
2.71962118149
3.11575579643
7.19162678719
4.76074910164
2.48179197311
8.5606470108
5.66192007065
6.66129183769
4.89044594765
4.82165503502
4.61821103096
5.90911316872
4.65931987762
2.74148416519
1.40917110443
2.67989611626
7.29977798462
5.56206393242
9.11298489571
5.75300097466
4.41409111023
6.14601016045
3.70633912086
2.79440999031
2.78615283966
9.21163702011
6.65142703056
6.98433089256
3.41115784645
4.51742911339
3.37799715996
8.65216302872
2.97721815109
3.57735109329
1.04527688026
3.77245187759
8.14912104607
5.59803700447
6.42387604713
6.73882913589
6.28550386429
6.4465239048
4.99742293358
3.12021207809
1.32587695122
7.90250992775
4.28640890121
4.12081503868
5.80430912971
4.9640109539
7.26125407219
3.13183999062
5.49925613403
5.68611621857
1.42147397995
3.39853096008
5.37708902359
7.2239818573
3.82022094727
4.19745206833
5.78165793419
4.83709788322
8.52400112152
5.93012499809
1.20871901512
8.64916014671
6.01001191139
8.33424592018
4.01349377632
5.56336307526
2.47455000877
6.20601892471
3.66470503807
3.02226114273
2.10918688774
3.16278505325
7.68841505051
4.7310321331
6.36448502541
5.38346600533
11.4960401058
4.86068511009
3.43519306183
2.32718014717
1.80634880066
8.57795786858
4.91327285767
3.94976687431
4.04050803185
5.23688697815
10.9197201729
5.8746380806
4.19346213341
2.30288219452
0.151332855225
10.0128760338
4.62924695015
5.45064616203
5.38173699379
4.21996188164
4.31500196457
4.96454405785
4.03817296028
6.31644701958
1.06608986855
6.79076313972
4.01867604256
4.6884958744
8.56563091278
5.01559591293
3.79127717018
5.84050917625
5.33807086945
6.09346199036
1.22951006889
7.01768398285
4.64503192902
4.88594293594
5.70087599754
4.52455592155
10.8090078831
6.08742499352
4.84641695023
1.15713000298
0.72122502327
4.056235075
7.08582901955
6.27116298676
6.16312718391
5.81161904335
8.19636201859
8.58045196533
4.57772994041
1.94808292389
0.582314968109
