3.07042598724
1.61246109009
2.5723528862
4.61854887009
1.65268802643
1.31711196899
1.30849289894
1.20514011383
3.01406502724
0.330988168716
2.17992305756
1.95337486267
1.79140090942
2.46945810318
1.65678620338
2.73743915558
2.08069086075
3.83522605896
1.67224693298
0.753210067749
0.761515855789
4.5529999733
1.49912405014
1.62097501755
3.64169502258
1.47775483131
2.27392101288
1.47071194649
1.68581390381
1.09609103203
4.31051802635
2.72247695923
2.14959692955
2.16813707352
1.69918417931
0.188686132431
1.86833786964
1.80346488953
3.47288513184
2.04631900787
2.55526304245
1.73721218109
1.31850814819
3.74712395668
1.67908787727
1.58802986145
1.97404193878
2.64663290977
1.42378211021
2.38259100914
0.845152854919
0.822556972504
2.45122885704
1.44272494316
1.24048113823
2.54286408424
1.57753896713
1.88100790977
2.86781096458
1.80790901184
0.931813001633
0.755007982254
2.31098604202
1.63330602646
1.62292599678
1.2378411293
2.82657599449
3.22252392769
2.96954798698
2.81485891342
2.21560502052
1.88973617554
1.87057995796
1.33498907089
2.5374147892
4.57484197617
2.42531299591
0.959726810455
3.53313279152
1.66582202911
1.99966287613
2.40210008621
2.64186406136
3.09087586403
2.61948800087
2.65141201019
1.75292801857
2.54905700684
2.30083584785
1.39734101295
2.84984302521
2.02052211761
2.92556595802
0.762349128723
1.48593187332
2.70535206795
1.20255994797
1.69339489937
1.60314702988
2.83962416649
2.25661206245
1.36558198929
0.745107889175
2.43897485733
2.30277609825
2.43905901909
2.03586506844
2.6976981163
2.37561893463
1.31841206551
2.41469693184
3.38842701912
5.43696808815
0.218342065811
2.00487685204
2.02891516685
2.88166499138
1.43998193741
1.27676796913
2.36888718605
4.39349985123
2.30631899834
1.12780785561
4.63807082176
2.50059103966
2.04644393921
1.20944595337
2.41838288307
3.23858594894
1.88148999214
0.673500061035
6.07365489006
1.65593194962
2.25031614304
1.31430721283
1.98373389244
1.38334012032
1.31427502632
1.92845201492
1.738270998
1.5276157856
3.81185293198
3.05083203316
1.53827786446
1.86098384857
2.65393686295
2.66671395302
2.34298801422
0.871694087982
0.947640180588
3.01569414139
1.68451309204
2.88476395607
1.29584813118
1.85318398476
3.63076305389
1.5124399662
4.50643801689
1.70614004135
1.27500009537
1.67681002617
1.22477889061
1.68286204338
1.56893897057
1.44846606255
2.70453500748
2.2265059948
2.39294600487
0.581611156464
2.15372610092
1.2806429863
1.82859802246
3.53225493431
2.17325806618
0.760457038879
3.544039011
5.71386504173
1.48732185364
1.85322093964
1.76765108109
1.17957496643
3.16344714165
0.944479942322
2.1056599617
1.40285897255
1.12027001381
6.56948494911
1.21994280815
1.88091611862
2.06608605385
1.95373415947
1.36271905899
1.05385684967
2.60834383965
3.69794082642
2.61807012558
0.970941781998
1.09800291061
1.36582922935
2.27267503738
1.63430786133
2.95053601265
1.73558497429
3.22568297386
2.27823901176
4.19798803329
0.647344827652
1.78393411636
1.60299611092
1.69541215897
1.71635389328
2.21948003769
1.49255418777
2.81081199646
3.98604011536
1.79901695251
1.72663402557
1.78871107101
1.88023805618
1.31135702133
1.52085900307
2.18644309044
1.60194897652
3.52930498123
2.86747097969
0.762275934219
0.824042081833
2.25267505646
1.34615898132
4.0792620182
2.33654904366
1.56867790222
2.99953007698
3.33443403244
2.01270985603
0.559795856476
0.810824155807
4.35857081413
2.57386279106
1.55673789978
2.97392606735
2.21255207062
7.04525113106
0.497642993927
1.85100293159
1.88722395897
1.22101902962
1.50496888161
1.73452401161
1.17680692673
1.17989516258
2.81226706505
2.40461397171
1.88851284981
1.61324000359
2.28341317177
1.66791987419
2.09310889244
2.31686687469
1.73302817345
1.54060220718
3.18246817589
2.15014886856
1.59367609024
0.98490691185
1.11890721321
2.71708798409
1.5925450325
2.37312483788
1.61742591858
3.24557805061
2.34418606758
2.60848999023
4.63136196136
2.50320005417
1.31995010376
2.10278606415
1.35665607452
2.22150993347
1.2727599144
1.07590198517
2.4193778038
1.78693199158
1.36809897423
2.74249601364
2.26190805435
1.77104592323
4.76325297356
4.00001788139
2.34390592575
3.57495689392
5.57060313225
2.13323092461
1.17687988281
1.41842103004
1.35775494576
2.92390584946
0.857059001923
1.21959996223
2.94361805916
0.317798852921
2.5289850235
2.38837194443
1.4698779583
3.62920188904
2.5967669487
2.00129294395
2.03106403351
1.68386101723
2.21809101105
1.69495892525
2.17097496986
5.10224485397
1.27949404716
2.34719800949
1.45686101913
3.32503604889
1.2967851162
1.32032704353
2.171200037
1.43877100945
2.25655794144
2.37500810623
1.28864097595
4.00610804558
2.24124598503
3.7740149498
2.30250597
4.11089706421
2.05153298378
2.0182261467
1.39718198776
1.63498497009
1.40716600418
4.72370505333
1.93299794197
1.40433907509
1.14841413498
3.5869808197
2.70854496956
0.943937063217
0.950412034988
1.79996204376
1.61044192314
1.92450284958
1.54943990707
3.82633113861
2.48895788193
2.01731705666
1.53623390198
1.58562302589
5.54124712944
2.98777294159
1.78298997879
1.61862587929
2.05432391167
2.29412889481
0.806115865707
3.06638503075
1.49997901917
2.1376760006
1.02668499947
0.803871870041
3.83729910851
1.98641109467
1.9960360527
1.57893514633
3.72268390656
3.21360397339
1.16659402847
4.11493515968
0.910188913345
3.97693681717
2.79161190987
2.41198897362
0.926298856735
1.43530392647
1.31504702568
2.55435800552
3.07234287262
4.07500100136
1.92259001732
1.38837599754
1.91670084
1.43429088593
2.71414279938
1.36946511269
1.86167693138
2.09459495544
5.2997341156
1.05222892761
1.02934813499
2.75275015831
1.6386950016
2.03985714912
1.93775510788
3.15705490112
1.63531017303
2.20261788368
6.19727993011
2.62921190262
1.37991595268
1.6500711441
2.60114097595
1.33095812798
1.36880803108
1.16050481796
1.12982702255
2.65550613403
2.43505501747
5.57639122009
1.58006381989
2.1407968998
2.92253708839
1.49528598785
1.34740400314
1.38348603249
0.799241065979
3.47774100304
1.82514810562
2.18874287605
1.94027614594
1.54021406174
1.55854201317
4.78050804138
2.19029307365
1.00840497017
1.88498711586
2.74168801308
3.5326461792
1.6021270752
0.861282110214
5.99235987663
2.33449602127
1.30927991867
1.67384600639
1.31422591209
1.03919100761
3.04260993004
1.38527393341
3.8705329895
1.67161393166
2.88373804092
2.36690497398
2.65864396095
1.84667611122
1.19967913628
0.853583097458
3.485227108
1.20031905174
5.56551718712
1.95711302757
2.01507401466
1.20873308182
1.83058595657
1.96785306931
1.32746505737
1.7702729702
3.17167210579
0.779542922974
3.54110407829
1.14947199821
1.77632212639
1.67133307457
2.32526803017
1.47463107109
3.90617895126
2.68825292587
2.59242916107
2.9909389019
2.42379212379
1.20453119278
1.5703599453
2.69120883942
3.39858794212
1.77445411682
1.22640609741
2.81807589531
2.76962804794
2.83483195305
4.27750492096
2.30505800247
1.41721105576
1.5052280426
1.45254611969
1.81090593338
3.9749250412
0.814543008804
1.89781188965
3.39374685287
2.37824201584
2.11482691765
4.25403594971
3.54608011246
1.34898781776
1.33844685555
1.4421479702
1.39004397392
3.31449794769
1.35838413239
4.98529887199
1.82856416702
1.49178600311
2.09253001213
1.45751190186
1.75919508934
3.14955282211
1.39458012581
2.13295698166
5.10965490341
1.6910700798
1.05486106873
4.95085597038
2.50669884682
2.0222389698
1.13014006615
1.12361598015
1.63207292557
2.25429677963
1.76085710526
6.19850111008
3.35564088821
1.41886806488
1.46905207634
2.44738602638
2.86546897888
1.37125205994
1.01973509789
4.31445598602
3.90373706818
2.42928504944
1.55693697929
3.21412491798
1.27262496948
3.40337610245
1.1848218441
0.456833124161
1.82389307022
5.36325001717
0.842401981354
1.15006303787
5.48313498497
1.25216388702
1.50330901146
1.81494307518
2.14316010475
1.99145293236
2.41930007935
1.58050179482
1.36983895302
2.58793282509
1.79235315323
4.00426101685
3.2629609108
1.54481697083
3.18035197258
2.00482797623
3.97739481926
4.28699398041
2.47962498665
1.89804196358
2.06872200966
2.46643280983
2.10176897049
1.05689811707
1.09246706963
1.37805104256
2.40429711342
2.02908015251
6.00293397903
2.39632701874
4.73714590073
1.46803402901
2.36267781258
0.767687797546
0.964109897614
0.485028982162
2.47218513489
2.29206085205
5.71911096573
1.87004995346
1.61924791336
1.47749590874
1.31340622902
2.63476204872
2.15277409554
2.0253200531
2.55924296379
6.46701288223
5.18745994568
1.13743305206
1.6059949398
1.23993992805
3.11765217781
1.1822040081
0.480178117752
0.344685077667
2.62120604515
2.40292811394
4.67509508133
3.28515696526
5.08737111092
2.84455800056
1.02314400673
0.878701925278
0.562307834625
0.624418020248
4.75151705742
4.78294610977
1.50901412964
1.87689900398
4.72616791725
2.05739593506
0.900538921356
1.75397109985
0.795841932297
0.59637093544
2.2311770916
4.43596720695
3.7478749752
4.54583191872
3.40029716492
2.14553785324
0.873133182526
1.42152786255
1.25094294548
0.55769610405
2.64434099197
1.70518803596
7.23912286758
2.4344060421
1.50324487686
2.55427694321
1.37437582016
3.98937010765
1.18037700653
0.577833175659
2.37044596672
2.1015818119
5.30645799637
3.62711310387
1.62425303459
1.79206991196
1.77798891068
3.75285291672
0.934648036957
0.72433590889
4.05201196671
6.91665506363
2.28780198097
2.93627119064
2.82784104347
1.76273584366
1.17145895958
1.03029513359
0.511507987976
0.113929033279
2.81714510918
1.48020792007
2.30038714409
0.815611124039
1.700330019
6.29888296127
3.90309095383
1.66531896591
1.61868405342
0.541902065277
2.42414498329
1.93421006203
2.46194911003
1.70146179199
1.08792304993
3.46197319031
5.03988718987
3.34662389755
2.07446098328
0.744703054428
3.80437612534
5.97663879395
5.99852609634
3.59659695625
1.56073689461
1.07550406456
1.12597298622
0.336501836777
0.215141057968
0.12136888504
2.38659691811
1.46414399147
2.15291905403
5.13616514206
2.0712480545
4.96961784363
3.99321508408
0.806444168091
0.430372953415
1.02435517311
2.20758008957
4.93500804901
2.65159487724
5.06855487823
1.36224293709
1.92727899551
3.20619988441
1.40101289749
0.703305006027
1.07219600677
2.58440804482
7.11523604393
6.4121260643
3.64041399956
1.06689214706
0.892470121384
0.864861965179
0.650449991226
0.580221176147
0.0808141231537
2.71084308624
6.80617880821
2.76602196693
2.75647616386
1.97334194183
3.28936195374
0.998033046722
0.495547056198
0.979496955872
4.03913092613
5.78956007957
1.7147860527
2.1036670208
1.90159392357
2.95632100105
1.14604687691
1.64978814125
1.16318202019
1.08903193474
4.01835393906
6.40452599525
1.63664197922
1.34647989273
2.93447518349
2.12596487999
1.357432127
2.04914593697
0.839498996735
0.947213172913
2.16710686684
1.85926198959
5.05978894234
5.70671701431
1.97521495819
2.92605304718
1.55829596519
1.79941296577
1.11464190483
0.0910768508911
3.68570995331
5.8686978817
1.97536993027
2.11068797112
1.37061595917
2.10695910454
3.93283891678
1.04862809181
0.422091007233
0.929390907288
3.85339307785
6.02954316139
2.37194490433
1.51198887825
2.48699092865
1.48000502586
1.93452191353
0.824062108994
2.64119887352
0.853786945343
