9.08699607849
8.20983600616
7.8840367794
9.91763710976
8.70140099525
9.41904592514
8.33977508545
8.61579799652
8.21968698502
6.44799399376
6.59959101677
7.47023010254
9.72562599182
9.01239705086
14.5493991375
7.43612384796
9.00533008575
7.28636407852
8.48499703407
9.47271418571
7.02627706528
8.98956489563
9.42160105705
10.1889688969
7.87770795822
9.41754508018
7.22102689743
7.32079386711
7.80024504662
9.83845901489
8.329818964
7.34970402718
9.60062003136
10.0259680748
6.55221104622
8.68122601509
9.28641414642
8.21189498901
6.83586907387
10.8885030746
8.07104587555
8.81447601318
9.53004693985
8.96418714523
7.5092458725
7.81926202774
7.64049601555
8.00807499886
7.64103603363
5.16425895691
5.9907810688
7.79193711281
8.29516196251
10.0988538265
9.42597699165
8.85772180557
9.72358608246
12.8997499943
8.23334693909
5.73225617409
6.94215798378
9.79264807701
9.25670409203
10.0677378178
10.022331953
8.98671007156
9.2521739006
6.9235701561
9.22439479828
15.7519540787
7.76676607132
9.07165312767
9.17726707458
9.14592909813
8.75595402718
7.54612517357
8.47231602669
6.17216014862
8.84632611275
7.69512200356
7.54759407043
8.36773085594
6.95050406456
7.93769812584
8.35500907898
7.98132395744
13.9651310444
7.89270305634
14.0615649223
9.96297979355
8.85743808746
7.85800099373
7.11701798439
13.8158428669
8.33095002174
8.71778893471
5.35442900658
8.43772983551
7.65912294388
7.87934112549
7.93148207664
13.0247991085
9.20770311356
8.65835785866
8.68457722664
9.07855796814
6.00537014008
6.34008908272
5.48771905899
10.4949059486
9.81584501266
8.33859705925
7.74502182007
13.8643069267
9.21013307571
9.54445791245
6.70171880722
12.6455340385
9.38962101936
7.48916101456
8.3251991272
7.2647061348
7.94750285149
9.83624196053
8.52167916298
9.86868906021
5.93636703491
7.62914800644
9.60228490829
7.69006109238
8.58417606354
8.49024915695
9.24450016022
9.51977396011
9.64686012268
8.79351496696
7.83536291122
8.14926600456
7.22399806976
8.0797021389
9.61850905418
7.48105597496
13.4229249954
9.53867816925
10.2173099518
8.58097696304
8.65840911865
9.39246797562
7.17278599739
9.57532405853
9.1114590168
10.3736200333
6.74248719215
8.40927195549
10.7110090256
9.72969102859
6.67816114426
10.805437088
10.1243438721
6.68457603455
8.12527990341
7.46352696419
7.04191088676
10.2427380085
10.3297929764
8.20447206497
8.75211501122
7.55391216278
9.31273698807
8.05827713013
8.18387699127
6.71150994301
8.51480603218
8.64597582817
8.0696978569
9.40477609634
14.8664932251
10.8944919109
8.35943388939
9.06325507164
6.98864412308
8.18294811249
8.38261508942
8.11211109161
9.41477394104
9.43795514107
7.48363399506
5.00931191444
8.52264285088
10.6117639542
9.28587293625
12.0189929008
6.73443388939
7.5896730423
9.7054848671
14.4072098732
7.0903069973
8.11581110954
9.76107597351
8.8316860199
8.04628705978
8.36147904396
6.95460987091
7.47345519066
9.51042509079
13.6846928596
8.49485301971
9.05377602577
7.95412397385
10.8164148331
8.22776293755
10.6067061424
8.04663109779
9.04858183861
12.3305029869
6.98225188255
7.21765112877
11.2401440144
8.87288117409
13.8586139679
7.09321808815
8.87584018707
6.68141412735
8.89809799194
8.92320394516
8.28087091446
7.54805183411
13.1816430092
7.19286084175
7.54453802109
7.19723415375
9.14663696289
7.818805933
10.2214529514
10.0008010864
9.00571894646
6.8434548378
6.68202781677
10.1947619915
8.24434709549
11.2314829826
9.65875005722
9.3657989502
10.8594908714
13.8741559982
6.80667495728
6.54328799248
12.9853248596
9.04733300209
9.86715579033
8.96994900703
9.28466105461
8.31211090088
8.73268008232
9.72252893448
6.98025298119
6.29214191437
13.0323979855
7.19478392601
10.4770898819
7.89754891396
7.96745800972
10.997590065
9.34813904762
8.24654006958
6.47712802887
7.43480300903
7.86824917793
10.5417749882
9.73517298698
9.58865499496
8.03955507278
7.74525403976
12.6928532124
8.15877199173
8.92966508865
7.51174902916
14.4468479156
8.33500313759
7.8843960762
6.90390586853
8.13609194756
7.59844684601
10.3310720921
7.82788586617
9.41389393806
7.21827292442
7.92946219444
9.51508307457
13.0037250519
7.51520490646
8.33455109596
7.60524296761
9.76771998405
7.5981991291
8.07594299316
8.65947198868
12.0947899818
7.84160399437
10.026802063
9.01868605614
7.56666898727
7.69741487503
8.59399390221
11.1814460754
8.30581283569
6.26323199272
8.90143299103
6.9684779644
9.37688803673
8.09440517426
7.37180304527
7.21540403366
11.2805171013
7.3777987957
8.02581095695
16.2009680271
11.6751308441
10.8491511345
6.6535680294
7.25286698341
8.64685487747
11.1939167976
7.01940798759
9.68099117279
8.93600416183
7.61258101463
7.81826400757
8.12787103653
9.06931400299
8.10472798347
7.45293498039
8.33644795418
7.32763791084
8.30833697319
8.97590398788
10.0101671219
15.4765899181
8.46424603462
8.50793194771
8.22040605545
9.05293107033
6.77706885338
9.34053087234
8.44190812111
9.63592791557
7.65641498566
12.9642429352
8.7455508709
10.6121649742
10.6661789417
7.0613360405
8.46619701385
7.49320602417
7.00398302078
6.86837816238
8.11644911766
12.0085070133
8.36404681206
10.8688809872
10.4938778877
8.48179984093
7.42779707909
10.9381790161
11.36895895
5.70430207253
6.28795695305
14.5945589542
6.71353888512
9.49906301498
13.3717467785
7.9611890316
9.9903550148
8.36379623413
8.98228693008
4.96183085442
6.88694095612
10.4801120758
9.42172503471
8.59851193428
8.4688808918
12.205974102
10.3048188686
8.33289909363
9.82018494606
6.91643404961
6.44217085838
10.4575340748
8.38666987419
10.603484869
11.6910510063
7.23377895355
8.36810493469
11.3558518887
9.77318286896
6.21262812614
4.97014188766
6.52287197113
13.6309130192
12.1565110683
9.90028691292
11.3903419971
8.99347090721
10.1433329582
8.00937390327
6.2505300045
5.25864195824
5.7375190258
7.01598095894
7.8944439888
7.69327902794
9.57920312881
9.47853684425
8.6660220623
10.3200268745
12.8065218925
14.5372581482
14.4988319874
7.8274538517
8.44487094879
12.2479288578
8.22207689285
8.32766485214
8.65721797943
11.5137281418
6.3355948925
6.16635394096
13.3609950542
9.44876503944
9.27604293823
11.2896199226
10.2302498817
7.802546978
10.4838290215
9.25302791595
4.6177880764
6.86477303505
11.9825839996
7.85794878006
7.87255787849
8.25105285645
7.48501110077
8.08288502693
10.0251641273
15.3648018837
5.12940406799
7.54571890831
14.5198199749
8.79951000214
8.74385809898
9.03804898262
7.20236897469
8.59316182137
10.4303910732
9.49985098839
5.70120501518
6.29206085205
10.9185600281
9.91713094711
11.6520111561
11.2273349762
7.68732500076
6.87792015076
9.75402092934
11.1665902138
6.94673705101
6.49707007408
16.0557568073
7.0159599781
8.59353899956
9.90043902397
9.05753993988
5.62367296219
9.2029979229
7.0180439949
9.96984910965
7.12807202339
14.4733870029
10.5465769768
8.7781560421
9.52500200272
7.12584900856
9.01764988899
9.67322397232
8.61665606499
5.26057100296
8.05583190918
15.0097260475
9.69030594826
8.01369905472
8.02527093887
7.47268390656
8.98526191711
11.2215349674
9.49625706673
4.76043200493
7.42120885849
13.0134780407
8.02516388893
9.58448410034
8.69787096977
8.42406797409
7.64444899559
9.45644187927
12.6796820164
7.53806900978
4.85436201096
12.4834721088
8.463504076
7.70749998093
9.42762207985
8.39355301857
6.04925298691
9.40046596527
15.9662070274
7.47367119789
5.11295199394
9.6659309864
9.00104999542
9.12887597084
8.40835809708
10.9899179935
12.2878141403
10.9381690025
8.68149590492
6.54100799561
7.07924199104
10.6751320362
8.4982779026
8.27051305771
6.66146802902
11.2154150009
13.1893589497
8.51665711403
7.94518280029
9.6594479084
5.26478385925
13.8425650597
8.37874603271
7.08238506317
7.28074121475
11.1490170956
13.1102089882
11.0243999958
8.71912312508
7.23962116241
5.39236307144
10.7482659817
12.2082579136
10.5971448421
9.85769605637
7.94899082184
10.694288969
9.17204809189
8.9297440052
6.14252305031
5.65293002129
6.98206400871
5.58620095253
10.1643300056
8.87625408173
12.0110170841
8.09354805946
15.7204380035
14.1225829124
6.96752595901
5.34653282166
7.58833694458
9.45676517487
6.9994430542
9.13066101074
12.558975935
11.4927558899
10.1886310577
8.77039885521
8.66109895706
5.41368794441
9.55066394806
8.90390586853
8.2117061615
8.44038915634
12.280367136
7.67678999901
10.4729499817
13.9565439224
6.84036493301
7.4002969265
9.32986593246
8.82385897636
9.65194201469
10.4199261665
7.82939100266
8.15020704269
11.051707983
10.3242919445
10.9341230392
7.20713591576
8.23070693016
8.59525513649
10.1372249126
9.26920199394
14.3497209549
9.48699688911
8.6243391037
9.72912502289
8.34676003456
7.20675587654
15.2479140759
8.45552206039
11.0453341007
11.9140059948
7.24367499352
7.17753696442
9.52955198288
8.66060709953
7.79798293114
6.57353401184
9.22647881508
8.82178902626
8.44318699837
8.59467291832
9.12990903854
9.08611178398
9.30807995796
7.45071387291
7.49906301498
16.4394440651
15.6280739307
7.07751893997
9.22077298164
7.27134084702
9.90400886536
8.35101699829
10.2574570179
10.1528379917
6.02018690109
6.37515902519
13.5742750168
8.49916100502
9.65385484695
9.3872449398
6.89572501183
8.2396440506
8.81639003754
13.5342011452
7.56304693222
5.42445802689
10.4931221008
8.80749607086
9.6148378849
7.71546912193
13.3418490887
6.94553112984
10.7820930481
7.89289689064
12.9573359489
5.71155500412
14.3915441036
7.39744186401
11.2839581966
8.37608885765
7.37960195541
7.94027709961
8.68760681152
13.3296210766
7.12081694603
6.10910797119
12.699630022
8.87114787102
9.28321099281
7.02946996689
9.37065601349
10.1303699017
7.03426289558
9.28224682808
13.137305975
5.71912193298
10.9965450764
8.42086410522
8.04829001427
16.4143009186
8.09797382355
8.47070097923
9.50365185738
8.61319112778
7.58192205429
5.40393590927
10.2197740078
8.68298196793
7.95129799843
8.82081198692
9.00173592567
7.57392001152
12.9925599098
12.2964551449
10.417372942
5.89951395988
10.3673138618
9.90152788162
10.0719869137
7.41463494301
6.97782993317
11.2071709633
10.5259158611
14.1012420654
8.03698515892
4.79508209229
13.6812539101
9.19673299789
7.07712602615
7.13405013084
11.0216140747
12.9227828979
11.1489429474
9.31163287163
6.67460894585
6.72846293449
6.80356907845
5.91033601761
9.29328012466
7.94078803062
17.5082170963
12.8239490986
10.1367061138
8.95519900322
7.34658718109
7.51390695572
11.7624149323
7.04654502869
11.3366229534
9.65036702156
8.09234714508
9.14828109741
7.92597317696
12.4667301178
8.23224711418
6.58428406715
9.59458303452
12.2413141727
10.429831028
8.57431793213
8.15255999565
7.48100495338
8.38590407372
15.2315578461
7.27393698692
5.16562700272
8.45200896263
8.83025503159
11.1627020836
8.4039940834
7.90382790565
11.0429589748
10.1535248756
11.7736480236
8.44483494759
7.10736894608
11.1498720646
10.1921489239
9.43402504921
6.57944893837
9.37343406677
7.41455984116
10.9447398186
12.139852047
7.96746993065
7.3616631031
13.8180201054
9.8040060997
9.32822108269
7.81702399254
7.85521388054
8.80410504341
11.1530489922
8.67376804352
8.51491713524
7.05230903625
15.1113321781
7.35330295563
9.08668684959
8.3570690155
9.38060092926
7.65751004219
9.36170816422
14.2567851543
7.39155292511
5.1655189991
10.587998867
9.2378821373
8.74608492851
7.9759619236
10.5258722305
13.6706840992
7.45456790924
8.12158799171
7.82295703888
5.21129989624
9.26806092262
9.97016000748
12.4307410717
7.87405991554
8.43274688721
13.8770730495
9.13873505592
11.4578518867
7.70431804657
5.67155313492
11.2052078247
8.07812094688
9.13812398911
14.9598321915
7.84700608253
8.83044409752
10.3268790245
8.82314491272
7.2044479847
6.56545901299
11.5332288742
8.29575896263
9.92244720459
7.85237288475
7.91828584671
7.52794289589
8.76675915718
7.91234087944
7.06439208984
18.8503911495
12.9042849541
9.26070904732
7.89947891235
9.27017092705
9.33245992661
7.25742697716
8.84803009033
14.040184021
7.83987212181
6.34162020683
6.18266916275
6.03331494331
10.1844091415
7.5839369297
17.0818479061
9.01292300224
9.22137498856
8.50618600845
14.6812069416
6.40916919708
13.4606628418
10.1604878902
9.77188301086
8.99571490288
6.61616897583
10.9523119926
8.05336904526
10.4454090595
6.72368407249
7.37777900696
16.0019600391
7.59774303436
9.58095908165
9.85889601707
7.78319597244
9.51759600639
9.91603398323
8.35762786865
7.63490796089
6.98378396034
9.08471798897
9.09888887405
7.5931930542
8.63296985626
7.00089216232
9.01654005051
6.55295300484
9.73675894737
10.1661260128
19.8482518196
13.2195711136
8.01755285263
9.82270312309
8.23656201363
8.27024316788
6.99398207664
7.1014559269
9.88078403473
15.2967550755
5.69095897675
12.0462319851
11.4480819702
10.4057350159
8.07297682762
8.84841990471
7.12469315529
10.3037860394
12.6647400856
9.00795412064
5.88117599487
10.7463328838
11.1194500923
8.07449698448
15.5564200878
8.55580806732
10.8514358997
8.84508395195
8.87687802315
7.41248989105
5.81563997269
7.26246595383
10.1232008934
8.51598501205
9.33030819893
8.89741396904
8.91252613068
12.9208810329
11.8632440567
12.4337530136
6.21817708015
16.8433849812
8.97379207611
9.26902914047
8.43222808838
8.85380005836
10.4889440536
8.49886512756
9.29162788391
8.0196428299
5.47547888756
11.6836600304
7.00562596321
10.0778610706
12.8340849876
8.99419283867
12.7105219364
10.2659609318
7.50124621391
6.31852293015
6.61696410179
11.4649648666
7.11376810074
10.7162208557
9.54281497002
9.05417203903
8.98395895958
8.0670671463
13.8912389278
8.45320415497
6.31701087952
13.855948925
8.8212480545
7.23679685593
8.18785810471
7.59051394463
6.91332912445
13.2963387966
9.19879007339
15.4328680038
5.76324486732
10.0637738705
9.32221102715
9.11710906029
7.51091098785
7.60445284843
8.39976096153
10.0910611153
8.91179895401
15.4671618938
5.76022005081
14.7641658783
7.28496718407
9.53022289276
8.49027895927
10.0297391415
12.2512259483
9.70088791847
8.96560287476
6.53612494469
6.61644911766
17.0468049049
7.09952712059
8.46938705444
8.50263214111
9.66861104965
9.67134690285
8.50218486786
10.4709451199
8.33071708679
6.75494098663
5.61803603172
7.28476905823
11.0054061413
6.8566339016
15.9315168858
9.24014306068
10.6028540134
8.37495183945
17.8316340446
4.91986298561
11.7035889626
12.1541938782
7.64753317833
12.8269190788
8.05077815056
8.09608387947
9.55325603485
7.33715701103
14.8032140732
4.78343200684
12.6555030346
9.93910694122
11.4034171104
11.7992551327
13.4618189335
10.5725829601
8.24025201797
5.82038784027
7.05634212494
5.28645396233
9.34303307533
7.92951202393
7.56037211418
9.42123103142
9.67808485031
7.08307313919
7.45881795883
9.93578791618
7.77749300003
21.8204288483
16.97220397
9.53971099854
8.65023708344
12.8175179958
7.54649305344
8.97234988213
9.34582996368
10.9247980118
5.99239397049
4.811439991
16.5546760559
14.3574779034
7.41587114334
7.71351289749
8.03549194336
9.01593995094
9.41911387444
12.8294188976
5.14561390877
4.51530408859
8.15235495567
7.38030600548
9.7548699379
9.61032795906
9.83973813057
9.04668092728
11.3031568527
8.22944307327
16.7756099701
6.00930094719
12.2617177963
8.15906882286
7.96318411827
6.5952038765
8.48909711838
11.7377979755
10.1157050133
7.22230815887
15.213778019
5.33191013336
13.5892391205
8.74948596954
8.85401201248
16.1927170753
12.6154389381
11.0685198307
9.0961830616
4.94266295433
7.09287786484
5.29301190376
10.8154768944
8.10771203041
7.83892893791
9.22902798653
10.6538090706
11.1504859924
9.33657503128
8.34788417816
15.4400470257
7.24768304825
14.7339119911
7.71536803246
9.57919597626
9.51978802681
8.690128088
6.89731001854
8.30566501617
9.24619984627
17.5630531311
5.81940317154
16.2872879505
8.84293889999
9.17285299301
8.52314186096
7.95552515984
11.5738692284
9.23063898087
10.3092899323
6.85905694962
6.32708501816
12.7794959545
9.38692116737
8.31993985176
11.804746151
8.42883706093
7.74264192581
7.62583708763
7.68632698059
17.0152721405
6.2217271328
11.0892081261
8.02247691154
8.70738601685
8.68024492264
8.35480499268
9.85462903976
7.44645595551
11.8507580757
8.5070669651
6.50292205811
10.7986218929
7.63194203377
8.59873509407
9.58389210701
13.2440700531
6.88977003098
8.63475584984
12.6598460674
5.43010997772
4.51884913445
17.2102150917
8.85475587845
8.42257189751
8.16139602661
8.83429789543
8.78127908707
15.9914498329
8.20386791229
6.4493970871
4.36275982857
17.887706995
7.17749595642
9.47075295448
12.2107419968
10.7820410728
9.42985200882
7.4412560463
8.08672499657
6.35667586327
7.18790316582
14.4360649586
8.35177612305
7.78091001511
7.35675001144
7.56812787056
7.00597405434
10.8290309906
8.53282189369
16.190666914
7.07294297218
11.5861971378
9.01526403427
7.09438991547
15.616945982
8.73061704636
9.88434791565
13.3892199993
10.2853507996
6.96194291115
3.16525506973
16.7059328556
14.5131540298
8.83786892891
7.83053803444
8.1358089447
8.91249799728
10.4036970139
8.39382100105
7.25278115273
5.51438999176
5.41231608391
11.277919054
8.81581687927
10.1697750092
7.8757982254
10.1337709427
10.4098961353
11.5162792206
18.5611269474
5.25925707817
10.4979469776
8.70613193512
7.31546497345
8.46954607964
8.7787258625
8.68420100212
10.0461559296
9.38365697861
19.2479550838
5.24791884422
15.1922209263
8.35625886917
8.08224201202
7.40859913826
6.93617510796
8.42413520813
10.4806442261
9.75522303581
19.0869309902
5.32528805733
15.1851809025
7.8115260601
8.49795818329
11.9655020237
8.0437040329
9.20676612854
11.2573077679
8.38733410835
5.38020396233
3.03920006752
11.6914072037
9.84515500069
9.02281999588
13.7283930779
7.84876513481
6.96170687675
8.61278295517
7.23586511612
19.5900039673
2.88200092316
8.43240714073
9.8696668148
10.5908019543
13.647258997
7.23698997498
14.9794812202
8.01035904884
13.0384509563
6.44778418541
3.92298984528
13.6816749573
7.54624509811
9.48949098587
8.57214784622
8.42842507362
8.33481001854
8.39737606049
8.26712298393
20.0441730022
3.36011886597
13.1385090351
9.19790101051
8.88703203201
8.41053295135
10.3600990772
9.3254339695
7.33480596542
7.68039011955
19.9832661152
2.36845088005
18.2070150375
12.3989021778
8.47156906128
7.5583050251
10.1437811852
8.41568899155
14.7662470341
8.26565814018
6.60251307487
2.66324782372
15.8116738796
8.43098783493
7.67155790329
9.34122419357
9.85653495789
14.456592083
8.08484101295
13.031193018
6.99279999733
4.49840784073
10.7291049957
7.9888689518
8.83129787445
9.02716493607
12.1132669449
10.0660758018
9.05492901802
9.30908894539
21.5400278568
1.94660401344
6.40082287788
9.35575795174
8.94637703896
10.0854201317
8.1946709156
11.2387981415
11.3672139645
12.3174898624
19.30139184
3.18584609032
13.9734511375
9.24148392677
8.51632499695
7.18806910515
8.65843105316
6.77604389191
9.83218288422
9.29479598999
21.6031610966
2.86613702774
8.39723420143
8.21546792984
8.11724090576
8.85430383682
10.7592201233
9.55927205086
9.38118910789
8.11789703369
18.9403657913
2.77069497108
6.84786891937
11.4972510338
11.2385032177
8.63983297348
7.96076798439
10.3981010914
9.707873106
9.23260688782
18.7184660435
4.16063594818
17.6638240814
8.31802010536
8.84264206886
8.62214207649
11.3287808895
8.55483388901
11.1961209774
16.8078401089
4.52909708023
1.52701616287
11.0629150867
10.4606871605
7.81470608711
7.56936788559
10.2981579304
11.2791230679
9.40582919121
10.4917349815
20.7208731174
0.644600152969
11.0446581841
9.90267395973
7.7392270565
16.049642086
8.6933119297
10.2602610588
9.48472714424
16.7538189888
6.79481291771
1.88693094254
15.9209001064
10.1483318806
9.73257994652
8.35449099541
8.10231614113
10.7436690331
10.7853009701
20.7804591656
2.5339910984
1.11126303673
15.7247421741
9.346804142
9.16950821877
12.7635679245
7.65541815758
6.85248804092
15.5125927925
7.77677202225
6.50328588486
5.72484707832
13.1341409683
9.21791195869
8.25319004059
16.348995924
8.10179615021
9.77291202545
9.70954990387
19.1018919945
4.59402394295
1.83450913429
10.3608798981
10.5964269638
7.54155421257
17.360172987
12.0339610577
8.64724707603
14.3835160732
6.89676308632
5.64767098427
4.7321600914
5.16053795815
10.7305750847
8.22927999496
7.5509750843
16.7552659512
9.12103891373
9.08810997009
8.02331590652
20.2406880856
5.20095920563
16.1826901436
9.35803699493
8.65302014351
11.4688138962
12.9263150692
9.0253431797
7.86132001877
17.5470821857
3.93293499947
1.52923107147
18.2008588314
11.2806499004
9.71240305901
8.47434306145
6.72018098831
9.75496387482
11.6694760323
18.9047400951
2.57734394073
1.54499983788
16.9640860558
11.4516830444
14.6435949802
8.10958194733
8.35473608971
8.48537397385
7.31379294395
20.1456100941
2.07278490067
0.980494976044
16.0277922153
10.004940033
8.29206991196
12.3700339794
11.0783569813
7.08913898468
8.56580805779
18.2265040874
5.31185817719
1.70608687401
12.3492360115
7.12897491455
9.54390907288
9.77315807343
8.92595982552
9.53808903694
8.8127989769
10.0720229149
21.2664511204
0.929307937622
17.7584209442
13.4142189026
9.65749692917
10.2734911442
12.3106529713
11.9347779751
7.01205086708
6.59423685074
7.55571699142
2.09662795067
14.0150568485
8.30342197418
8.18673396111
6.82874917984
9.12176299095
7.07855296135
8.58553791046
13.945237875
21.1435339451
0.89106297493
9.91422700882
8.86080312729
9.05594491959
16.6420328617
13.4944028854
8.63876986504
7.22083997726
19.0259039402
3.89292502403
0.677497148514
17.3722419739
11.7749378681
12.5505859852
7.82386088371
7.99399018288
10.4750218391
11.0936591625
6.47202515602
6.83934593201
5.67963695526
16.7765300274
9.23075008392
8.49316811562
7.51077890396
7.07705307007
11.205272913
10.5874531269
15.5879259109
6.02431511879
3.89367198944
12.2761781216
10.9902558327
7.95802211761
7.63214707375
8.5667719841
12.1300959587
10.7376580238
16.578070879
4.76382303238
3.31375789642
14.7074198723
7.34481406212
10.5618441105
11.9888060093
9.07849407196
9.10496091843
10.4483258724
21.7870850563
3.01687312126
0.566113948822
10.8497672081
7.69038510323
8.87114405632
13.0204160213
9.63420391083
12.3534970284
8.93271613121
20.6549651623
4.03354501724
1.01935100555
16.0671350956
8.60338902473
10.2465949059
7.71133804321
11.5488419533
8.09423780441
9.243735075
14.2667458057
5.89140200615
5.54510903358
19.4049861431
13.0230650902
7.59049296379
6.92114400864
10.6382229328
9.28314614296
14.2426898479
6.92570590973
6.60961484909
5.55243492126
17.7703969479
12.3904469013
11.2570700645
7.88144993782
7.47966504097
9.27867889404
14.0049600601
6.13588404655
6.62068009377
6.68996191025
18.6420519352
10.5458550453
8.84826397896
7.85446619987
9.12037086487
8.11907100677
14.1088609695
21.0256450176
0.99844288826
0.58803486824
16.176967144
7.00746703148
8.65115213394
12.1124148369
8.22463011742
9.73779010773
9.23807907104
8.04823517799
3.70686101913
0.516796112061
17.28125
10.87403512
17.1182711124
8.64636611938
8.77940511703
10.1353862286
21.2461588383
3.49764513969
0.362604856491
0.105356931686
