4.20330190659
5.44494605064
7.47451305389
6.81076788902
4.35595607758
6.31952500343
4.91693902016
6.01796483994
5.89869999886
4.66315293312
4.26197814941
3.71567392349
2.99665689468
4.27566409111
4.92367100716
6.69752907753
5.83111381531
6.03917598724
5.77771902084
3.97196292877
5.41784787178
5.48155617714
5.56732797623
6.25268507004
7.62250208855
12.9536540508
7.22792601585
10.7726700306
5.9696199894
5.13525509834
4.32515501976
7.87474298477
5.17690992355
9.1297621727
5.40901708603
5.66105794907
4.40406417847
5.11120080948
9.16131186485
5.25990819931
6.77382707596
6.86689805984
3.84411501884
3.30799603462
4.07671689987
4.99458312988
3.8950688839
6.32539081573
7.56093001366
3.07610201836
6.72219610214
9.78875589371
4.35743999481
4.77431702614
5.83705592155
5.96089792252
5.9026620388
7.70330119133
5.25634694099
4.8709230423
5.01448988914
5.40975379944
5.05338287354
12.6404271126
5.14211583138
4.8293530941
4.05000901222
4.75979709625
4.89470791817
4.82986688614
6.17476820946
5.13993906975
5.19368195534
2.19959783554
7.72361111641
4.90426397324
4.77709197998
4.34297585487
5.89496302605
6.4296579361
6.54137802124
6.84925699234
5.18121695518
2.29717993736
5.49904108047
6.35715603828
7.75450515747
6.98838996887
4.77413082123
4.39447999001
7.689412117
5.52936792374
10.2153329849
8.1415309906
5.97990107536
4.70078015327
4.07391619682
4.33866810799
8.27554297447
5.15828299522
7.36925005913
4.05318689346
4.59234690666
4.60374808311
6.90140199661
4.12617897987
5.51886796951
5.65410995483
5.88812994957
6.79132294655
5.67998313904
2.98768901825
4.91359090805
6.29949998856
4.82940006256
5.26982808113
8.86313295364
5.52142691612
5.27490186691
9.40457701683
4.37830495834
4.33491301537
4.37766695023
5.38252401352
5.73556494713
7.38442516327
9.7889790535
6.5300090313
5.94839692116
4.08414196968
8.40124201775
3.81510305405
5.8949239254
4.70913696289
5.34744286537
5.98904204369
3.75899219513
7.3117890358
5.60460305214
6.70683789253
5.66617918015
3.81085801125
3.86721801758
6.79543304443
11.1025159359
4.86837697029
4.55746793747
7.19479513168
8.02524185181
4.34265613556
4.2671661377
2.50258207321
9.6531419754
5.78382706642
6.89607787132
4.5441801548
3.71543693542
7.69723916054
7.24846196175
5.93756508827
7.71739816666
4.79607391357
6.18027710915
5.86406898499
5.81675505638
4.49139404297
5.0099298954
6.59675002098
7.26559305191
5.69548082352
10.2232120037
4.71496009827
4.71191191673
4.34339094162
4.39265394211
5.24479317665
6.18594312668
5.63133406639
5.57235598564
5.44081401825
7.33323907852
3.91780400276
5.12298107147
7.19603490829
6.38323998451
4.92435407639
4.19020605087
6.13486981392
7.15352988243
7.51717686653
6.19533014297
7.02692699432
5.53768205643
7.03166079521
4.46165299416
4.28172206879
4.35846114159
4.64478087425
9.87515687943
7.23625683784
7.9210100174
5.8574450016
5.05566382408
5.55945801735
4.40332603455
5.86824202538
6.41662597656
6.15319013596
6.00363397598
6.35039687157
4.61773085594
6.48847699165
6.39350008965
4.66574311256
4.85848808289
4.89692807198
7.27655982971
7.56450486183
6.33488082886
6.68598413467
7.57106804848
4.06869101524
7.71353316307
5.09207415581
8.20007801056
4.42127299309
5.07598686218
7.86681485176
5.93282794952
5.90430688858
5.55604791641
3.6364171505
7.06974697113
9.18463087082
5.91275906563
5.58137321472
4.05964398384
4.7108669281
7.5316388607
8.74307394028
8.09026694298
8.04629993439
8.94790291786
5.05826592445
3.8058218956
3.50325894356
4.8728120327
6.6953420639
7.07913899422
5.43494200706
7.67145299911
3.17810821533
4.84195804596
9.20270991325
5.21257615089
4.89605808258
4.05613398552
5.43807411194
10.4782221317
5.89387392998
6.60448288918
4.34872508049
5.2692129612
5.68789291382
5.8197119236
5.61473083496
8.3659119606
7.20850300789
7.49868392944
6.82345700264
4.93652009964
4.923609972
5.13405704498
5.77630281448
5.81449508667
5.74832510948
7.38626599312
5.02424907684
4.95236492157
6.96655392647
7.00434708595
4.11771297455
4.82881498337
11.6508641243
4.60726904869
3.74331212044
4.42005801201
8.61247110367
5.87642908096
5.57767701149
9.08902287483
4.36578011513
6.76613521576
6.17596888542
5.64476895332
4.42086410522
5.4899930954
6.68295288086
4.97327303886
6.1611700058
4.48727083206
4.46443796158
6.22591900826
4.69970297813
6.09846401215
5.65455889702
8.1431210041
5.00483083725
10.4232399464
7.76873993874
7.43075895309
5.17243790627
5.09132385254
7.39861679077
7.22990298271
4.59067797661
3.7912671566
7.81060886383
9.32036614418
5.53893709183
4.50113296509
4.36323189735
8.44922304153
11.0303609371
4.41018295288
5.40993595123
4.54370188713
7.57974982262
5.73576307297
5.49781608582
10.0181150436
7.24826788902
4.38969421387
6.54056310654
4.34470415115
4.23465013504
4.56238913536
5.49056816101
9.73956918716
5.75777101517
5.06915521622
4.43677997589
6.86041498184
5.11601996422
6.90879607201
9.28680300713
5.91120696068
7.2321498394
6.29528188705
6.80178284645
7.97641706467
7.94648385048
4.3954501152
4.50904107094
5.46356797218
7.80755209923
7.58366107941
4.78086709976
5.12270092964
7.20606279373
8.58462810516
5.33600091934
4.91181111336
5.46962690353
4.13062596321
4.60553908348
3.78663492203
7.29373311996
10.8768110275
6.99641084671
9.02973985672
7.25434398651
5.22766399384
6.93327999115
4.21689510345
3.73643684387
5.4586918354
7.4651491642
6.74743795395
6.25179791451
7.42815995216
4.40767383575
4.41139602661
5.49948811531
8.1254389286
7.05275392532
6.43081307411
6.76309895515
4.53706479073
7.50091505051
6.54350304604
4.7657661438
6.82680416107
4.09461522102
5.748295784
9.37073278427
5.01964497566
7.65347719193
5.6696369648
7.43101119995
7.25210785866
8.51809716225
4.7002518177
5.58475208282
7.83668518066
5.01986098289
6.12342405319
5.8044090271
4.82336711884
5.79521918297
7.74834990501
4.73462891579
6.15323996544
6.14786887169
6.06870293617
5.17317509651
4.4941649437
8.81423902512
7.55533003807
5.03908801079
6.52471804619
4.44577407837
6.32862091064
4.98239398003
6.52085804939
11.2882139683
5.71813511848
5.70752692223
6.56056594849
6.45032405853
8.50213599205
6.72897815704
5.34487104416
10.7641170025
5.53522396088
4.65882706642
6.26658391953
5.34063410759
6.86646318436
5.49305391312
6.55951690674
4.98706507683
6.65979480743
6.47618198395
5.33477091789
5.83552598953
4.49628710747
6.77215504646
10.2542591095
6.36673307419
7.55002903938
3.02740907669
4.36900186539
4.80946397781
5.58112287521
4.61127281189
13.3686389923
8.19057798386
6.25202608109
6.17725300789
7.04543089867
3.30014514923
6.51967906952
6.13490581512
5.09658503532
10.6461200714
6.80444383621
7.10296010971
5.36710906029
6.5756521225
9.61038994789
5.59353804588
5.94906902313
4.12355399132
6.26771593094
7.20366096497
5.29566788673
8.91024518013
4.65829706192
6.08121395111
6.1461918354
4.6855199337
4.88951396942
11.0437159538
5.46417498589
5.69973087311
6.34269809723
6.23104190826
5.73288297653
5.79223895073
6.656924963
8.93787789345
4.84125208855
6.04380106926
9.12606716156
5.64732599258
6.2595012188
6.20466899872
5.85257411003
4.94260287285
4.95767116547
3.9823679924
7.28273797035
5.23832893372
5.34622216225
8.66238903999
5.91498804092
6.35921406746
10.7269940376
6.36320996284
9.69168114662
5.63237094879
5.64304018021
5.68993616104
9.03861689568
7.03304886818
10.445950985
6.91245293617
10.5944910049
5.51770114899
7.5802898407
5.6286740303
4.28837513924
5.5207901001
6.32491111755
6.18707585335
5.75646591187
6.17575597763
15.9708080292
4.61465978622
5.81338310242
5.7220659256
3.95322322845
5.28769803047
6.89664077759
5.75637793541
6.84260797501
3.31850004196
9.54048681259
6.45189499855
10.6860730648
4.79865098
4.67180490494
5.50489711761
6.1539311409
7.09671592712
6.10932302475
3.35142302513
4.95710706711
6.58677601814
8.56901502609
8.81667089462
5.59276819229
6.45549893379
6.41593909264
7.02162504196
7.70231318474
5.98918795586
6.4301700592
5.42960190773
5.3334209919
10.567346096
4.93361902237
3.23891687393
7.01513886452
9.29234910011
6.87915086746
5.31774187088
7.46872186661
5.88521003723
5.53927588463
6.63664793968
7.99258685112
5.90944814682
6.06101608276
9.83530282974
5.49073004723
3.92021012306
10.7143199444
5.18397283554
6.18195986748
7.8807580471
5.92842197418
4.28010392189
6.26310801506
11.218059063
4.9342880249
2.44011616707
6.65275287628
5.08658599854
5.77548193932
9.03246998787
10.039151907
4.76416683197
8.52619600296
6.1624519825
5.64904904366
3.97924685478
8.63378596306
4.51896500587
4.91950798035
5.96800303459
6.3865749836
11.8123838902
5.71093416214
9.95784592628
7.15852403641
1.85332298279
9.22885489464
5.16031289101
4.91502904892
6.50029301643
11.8389251232
7.13270902634
6.12034201622
4.79641795158
6.42537117004
4.55203795433
6.75871396065
9.50834488869
5.36831998825
4.92385292053
4.92510199547
14.6147739887
6.05622887611
6.85196495056
7.02327299118
2.1191341877
11.1263151169
4.34758615494
6.66697716713
6.80656599998
10.1139669418
5.69713592529
6.22777605057
8.25542211533
4.6717209816
1.74236893654
7.64355182648
6.14807105064
7.37709593773
8.87675213814
9.62681007385
6.32459807396
5.66788506508
4.42252016068
6.42782902718
2.88157701492
8.97776889801
6.57065582275
8.36015200615
7.64259290695
5.96580481529
6.28009295464
5.22730898857
5.29232096672
6.48082494736
5.96686196327
8.54818606377
4.11546707153
5.29864788055
7.38732910156
5.12610006332
14.3702540398
6.43317604065
6.62442922592
6.77878904343
2.61559295654
9.84208393097
7.04874610901
8.87543487549
7.23692703247
5.15542411804
6.19832587242
4.86992692947
6.48261904716
5.37024283409
4.74859309196
7.80984997749
5.52743506432
5.31008005142
5.97394800186
14.5462229252
6.61645698547
6.27276802063
6.1613650322
5.38046813011
2.96001291275
9.02673006058
5.22535085678
7.97188091278
6.22296094894
5.24401688576
5.16411209106
7.36144900322
9.54729700089
5.84181809425
4.03019499779
6.14030790329
10.4690179825
6.61797881126
7.57010102272
11.0054399967
4.76580309868
6.02816581726
5.34693312645
6.50217103958
2.94601893425
10.6124370098
6.58839797974
11.1239869595
3.79349994659
4.4948720932
4.93009209633
6.87777400017
4.91230893135
7.0622780323
6.00395703316
8.14540505409
9.15092897415
5.42250394821
8.07098412514
4.99916100502
4.2345058918
7.5247490406
10.7824170589
5.16788697243
3.96205615997
7.36092305183
5.84524583817
4.57905697823
9.62869000435
11.5946400166
5.18773698807
10.7781751156
4.76536178589
5.9352209568
1.90673708916
5.72834300995
7.10298609734
4.35874819756
4.47404003143
7.74436402321
13.1717090607
7.90401506424
6.50836801529
7.20235705376
3.02184700966
15.1096730232
3.91670417786
4.78322792053
5.68948912621
11.176145792
6.07037401199
11.0165798664
4.78272390366
3.2780880928
1.11257791519
12.3139281273
5.51699995995
8.20016598701
8.08830094337
6.50061488152
4.80252790451
6.91327095032
5.89137196541
4.88239908218
3.63072919846
4.19034600258
4.31899404526
8.18696594238
7.15419006348
7.33613801003
14.3615760803
9.89318180084
6.0929210186
4.90529108047
2.64957284927
11.3958799839
6.419246912
7.58130097389
4.22630405426
6.51860690117
5.81087803841
6.01062917709
5.34753394127
6.05217695236
7.21973490715
7.50415205956
4.33214688301
6.56440401077
11.6946280003
10.316754818
7.55368900299
8.77904200554
5.48683309555
4.08165693283
2.27936792374
4.12505412102
12.1868178844
5.30764007568
7.13458800316
12.8804459572
6.01422691345
6.27697587013
6.23222899437
6.02604103088
4.00392699242
11.4999029636
5.71871185303
7.30281400681
9.00536680222
4.73827600479
7.1304910183
6.68999505043
6.69535398483
5.84198188782
1.79974913597
14.8092989922
6.61480998993
6.78668308258
4.83780002594
4.06788897514
4.80211114883
7.62848305702
5.89043712616
5.48133897781
4.46455001831
8.85013604164
6.4718170166
6.24870991707
6.4346768856
6.40000200272
5.87292599678
7.86119294167
7.57648396492
6.4061870575
5.57503795624
4.30216383934
4.74673891068
3.14352297783
7.79348397255
12.4088201523
11.3014528751
6.33048892021
8.6989428997
5.86236286163
3.71019005775
8.05519390106
5.80380296707
8.98749494553
5.88634300232
8.37063002586
6.48106503487
8.51282310486
4.21221089363
5.70400094986
5.66475296021
11.0267388821
6.55175590515
9.44372010231
11.148804903
5.20429611206
6.30074501038
4.85700392723
4.88177204132
5.12787985802
3.42399001122
4.70199012756
4.85847902298
10.3766410351
6.98928308487
6.47236514091
11.7410759926
8.47313690186
5.2276070118
7.26516604424
5.95646595955
13.2362468243
4.90432095528
7.4638209343
4.23445487022
11.8839840889
9.80881381035
5.41416287422
7.35412597656
1.89660000801
1.97505712509
5.89427995682
9.75304102898
7.23717498779
8.72866392136
5.71074700356
6.65536618233
5.68142414093
5.19789981842
7.07889890671
7.27879500389
8.72283816338
9.06118488312
6.44738197327
5.14421415329
5.83254814148
5.89645981789
6.36559891701
7.56121611595
7.22041583061
7.26537895203
12.9688689709
4.94639611244
8.34207201004
10.6750898361
4.19679403305
7.19232296944
6.85060811043
6.27699398994
4.64102602005
2.29133605957
9.87695813179
7.18790698051
11.0632560253
5.7648870945
5.48362588882
8.12761998177
7.16039800644
5.271682024
6.51467704773
2.57118105888
10.4687361717
5.44279503822
6.36668395996
6.34060096741
10.1625020504
7.24174594879
11.9041080475
6.28408408165
2.88157105446
1.64186000824
11.9859671593
5.9977619648
6.99066305161
5.16516804695
4.86406993866
4.3706381321
5.70307207108
4.98451900482
8.72688508034
10.1140730381
12.8523001671
5.60822606087
7.42774009705
9.19022393227
4.6295170784
7.17946696281
8.63801288605
5.16110396385
6.98988819122
1.76169800758
7.34458994865
5.3694229126
5.2423388958
8.79584789276
5.57005310059
3.80754590034
5.61756300926
9.25808286667
7.29677700996
11.0713641644
6.56999802589
5.92531108856
4.76761984825
8.06640410423
4.95214891434
8.84821391106
5.44984292984
9.28897595406
5.83829092979
11.3819389343
14.3008451462
6.55185890198
6.41804695129
4.90403103828
3.41280198097
5.29636502266
10.0580070019
7.64167094231
9.15343284607
1.72270512581
12.4297509193
6.10706496239
7.62061715126
13.4105739594
5.98642301559
6.91326594353
6.59910106659
6.86142611504
1.54059314728
2.81518387794
15.4797050953
4.65435600281
5.8752951622
5.34217905998
4.80142593384
7.1848320961
7.86022806168
6.03132295609
10.8564929962
1.41236805916
15.8277089596
4.3934648037
5.49920415878
9.21741318703
5.13318395615
7.15133810043
6.4194829464
6.21911501884
6.82662701607
2.13320183754
7.78090286255
4.91844201088
5.99460601807
7.48457193375
9.7237739563
5.60886502266
8.40500092506
9.05663299561
7.66235208511
2.91935706139
13.2255749702
6.46781921387
4.70089793205
8.2702960968
5.17856407166
4.23097801208
6.83337712288
4.82625508308
4.85521316528
11.4346268177
7.90632486343
4.21584296227
4.97488498688
13.3971629143
13.5422680378
10.3619158268
5.99995493889
7.99476695061
1.58806610107
1.07612299919
12.8701510429
4.76402115822
7.71250104904
10.4864339828
4.43516182899
7.00304102898
8.95640015602
5.47969412804
5.68409085274
3.20590901375
15.6351220608
5.70977711678
7.60411190987
12.676429987
7.90150499344
4.83072900772
5.8500430584
5.46848797798
1.77063894272
2.74691987038
8.7371108532
4.26612091064
8.82305693626
9.75980496407
5.50489902496
7.33469080925
4.99860692024
6.1454949379
7.49070596695
3.16153311729
11.2080118656
6.12873601913
12.6716120243
9.67397713661
6.37830114365
11.6808009148
5.45994400978
3.62196803093
1.84175801277
1.93852114677
6.95241212845
4.98124289513
4.90748286247
9.37347102165
12.7015490532
5.92161798477
6.08064985275
7.13316512108
10.6927261353
2.11636805534
11.7422881126
5.94444990158
5.93216991425
4.67642903328
12.7274470329
9.4260931015
6.09865689278
7.12334799767
3.08074021339
3.72003507614
8.09772205353
6.66077804565
6.91948318481
6.15302991867
4.74745798111
5.7401278019
6.83915495872
6.04627180099
6.99065899849
12.1155738831
6.62240099907
10.8858261108
5.40924286842
7.0982530117
3.70975208282
4.41040897369
5.48183703423
9.11296200752
7.81136512756
12.8262507915
8.03888583183
8.67956495285
6.48889398575
6.25002813339
13.9618039131
5.05599784851
7.46112012863
6.19004011154
4.9637799263
3.87557601929
9.22681212425
8.69607210159
13.1087169647
13.8530509472
8.77453517914
4.06799292564
5.9014749527
4.26460385323
2.49143004417
2.31583094597
8.18983602524
4.35853219032
5.54845309258
7.94905090332
10.2581040859
6.73893594742
9.12768101692
6.49929594994
10.5057570934
2.03164196014
14.8596680164
6.97155117989
6.72761917114
12.1760971546
7.45437693596
5.10922002792
7.29757595062
7.5496430397
2.27266788483
1.42955517769
10.8239250183
5.11624193192
13.6526808739
4.60864806175
7.88084292412
6.00660514832
5.74814486504
11.1411349773
0.858521938324
0.726957798004
15.7688889503
5.6742939949
8.21890687943
13.5958578587
5.30917191505
4.80761504173
6.71894907951
7.60140514374
3.18464207649
1.55514812469
8.87897706032
7.83923602104
7.27941703796
6.23060297966
14.1921169758
5.80922102928
5.62286400795
11.429087162
1.41596603394
1.53152084351
8.05491089821
5.78743004799
5.6092300415
5.85708999634
11.4046971798
7.78069090843
8.63983798027
6.34474205971
11.9779760838
1.5141749382
44.5026497841
5.83152914047
7.71903896332
5.31216287613
2.1714720726
1.31930303574
2.16254401207
2.42546415329
1.03681111336
0.930050134659
12.3634729385
4.67019200325
7.25487399101
13.3430409431
6.2508649826
8.82217216492
6.71346521378
11.6504859924
1.60103201866
0.973874092102
46.4676978588
9.52692604065
7.61620998383
2.17744493484
1.66107797623
2.68019390106
1.33474493027
0.871223926544
0.397909879684
0.404658079147
44.4671258926
6.18968296051
8.85264706612
4.40204191208
2.03133916855
1.85288405418
2.94571900368
1.07172608376
0.827639818192
0.986368894577
45.2485599518
6.00267100334
7.26421403885
6.01160287857
3.15125203133
3.82552289963
0.860445976257
0.517967939377
0.765863180161
0.356519937515
44.0914871693
6.6107878685
7.46460604668
4.56927895546
3.48665094376
2.31939315796
1.46179103851
1.66786384583
0.770112037659
1.52122616768
44.8820979595
5.55962514877
6.67636609077
5.51490020752
3.45988678932
2.15142607689
1.7280459404
1.58098912239
1.05854105949
1.32595777512
44.1972661018
6.32814192772
6.29858493805
6.51940107346
2.53534197807
2.11323809624
2.06065988541
0.931354045868
1.07836079597
1.58478307724
46.346809864
5.78101992607
5.9270658493
10.4195120335
1.3650701046
1.77757000923
1.06854009628
0.688055992126
0.480520009995
0.337671041489
43.0401279926
10.6713969707
5.62012696266
5.56793189049
1.59741687775
2.59417390823
1.35978198051
1.25576305389
0.663858890533
0.755892038345
44.2977380753
5.01854395866
6.04622197151
5.18304395676
5.99935102463
2.56071281433
2.09653401375
1.55547094345
0.585358858109
0.888900995255
43.6480438709
5.27781105042
5.83277606964
4.65184807777
9.69946193695
1.54131817818
0.989280939102
1.61468291283
0.480865001678
0.959115028381
44.9669909477
4.98946809769
4.88211607933
4.98100805283
10.7763631344
1.57309412956
0.830507040024
1.16262507439
0.199873924255
0.324877023697
44.8466618061
5.91519594193
8.68575286865
8.81912899017
1.57708501816
1.43643784523
1.0788769722
0.710746049881
0.787770986557
0.277961015701
45.028865099
5.69615912437
7.7950630188
10.8276410103
2.2628660202
0.846551895142
1.31488513947
0.314280986786
0.364829063416
0.22180390358
46.2553930283
10.8118739128
7.26332902908
1.98295116425
1.56806778908
1.76093220711
2.31073212624
0.640353918076
1.85350489616
0.476816892624
43.6085159779
9.79813599586
7.03506398201
5.35962915421
1.50570988655
3.75210905075
1.7559440136
0.798894882202
1.09020185471
0.284790039062
46.0194809437
9.86198186874
5.5305659771
5.39678502083
1.54243206978
2.12365293503
1.82365989685
0.941471815109
0.610965967178
0.538692951202
