1.87728595734
0.478058815002
0.585913896561
1.44799685478
1.39406108856
0.221006155014
0.261965036392
1.32915997505
0.131401062012
0.246114015579
0.883335113525
1.56522798538
0.866354942322
2.41663599014
0.121835947037
0.216100931168
0.304358959198
1.33148097992
0.245362997055
0.241631984711
0.645187854767
1.63603305817
1.57302594185
0.30769109726
2.05698299408
1.23963999748
0.173705101013
0.194099903107
0.316806077957
0.634408950806
1.03153395653
0.790565013885
1.92446613312
2.2065808773
0.110728025436
0.17015004158
0.137300014496
0.438614845276
0.616646051407
1.8499751091
1.30681610107
2.62998199463
0.348130941391
1.43510818481
0.138953924179
0.217174053192
0.258347988129
0.899544000626
1.5766980648
0.852343082428
0.685017108917
2.67982506752
0.104485988617
0.166747808456
0.646641969681
0.489545822144
0.465760946274
2.64896583557
0.553605079651
1.02700018883
1.3686208725
0.156275033951
0.305280923843
1.74338293076
0.764534950256
0.59378695488
1.83225011826
1.78910517693
0.722973823547
0.167953968048
1.14636516571
1.86501598358
1.48342609406
1.60769891739
0.229835033417
0.586193084717
0.99126791954
0.19478392601
0.418650865555
1.55506896973
0.955211877823
2.31815314293
2.63279008865
1.46912002563
0.33105301857
0.244693040848
0.740277051926
0.726558923721
0.133616924286
0.230854988098
1.60309386253
0.242045164108
1.49197292328
0.13955783844
0.24206495285
0.543721914291
2.25256490707
0.698187112808
2.41371417046
0.204427957535
0.971467971802
1.64238286018
0.798635005951
1.81326198578
1.86899089813
2.38049507141
0.156521081924
0.118985891342
0.164656877518
0.266550064087
1.18491601944
2.07984113693
2.57600402832
0.343374967575
0.456650018692
0.769634962082
0.237375974655
0.358954191208
0.606945037842
1.78082513809
1.12527990341
0.936866044998
1.96550798416
1.64880013466
0.392949104309
2.14520692825
0.339375972748
0.253831863403
0.809794187546
1.71428799629
1.34869408607
2.57154011726
0.193784952164
0.665080070496
1.91527199745
0.436037063599
1.00324511528
0.22212100029
0.991572856903
1.90473389626
1.88678097725
0.588195085526
0.612380027771
2.14138913155
2.10010313988
0.204155921936
0.313264846802
0.88587808609
1.60811400414
0.612945079803
1.62870883942
0.37939286232
0.425023078918
0.725404977798
3.13046002388
0.871224880219
2.46608805656
0.275717020035
0.283527135849
0.790407896042
1.40884709358
1.79403710365
2.35849308968
2.1938021183
0.271893978119
0.604047060013
1.34801697731
0.215026855469
0.730127096176
0.435700178146
1.65516781807
1.95175790787
2.95296287537
0.771822929382
1.65095901489
1.02831602097
0.166366815567
0.22296500206
0.776115179062
0.576981067657
1.60366106033
0.16336607933
0.572912931442
1.48070883751
0.697371006012
1.59626603127
1.04775094986
2.84852409363
0.714201927185
0.817285060883
1.68473100662
0.111397981644
0.426721096039
1.44486808777
0.165204048157
0.424845218658
2.69979095459
0.519996881485
3.48367500305
0.756612062454
1.0743470192
1.58224105835
0.72641992569
1.47123003006
1.37440609932
0.287574052811
0.360879898071
0.511240959167
2.06697583199
2.6682369709
0.935866832733
0.813256025314
1.97863888741
1.8054599762
2.18179297447
2.51242017746
0.241770029068
0.869962930679
0.472742080688
0.431062936783
1.51025104523
1.58273410797
1.73058485985
0.32004904747
2.36258387566
1.46571087837
0.888133049011
1.86914801598
0.460255861282
0.691930055618
0.931818008423
1.0795071125
1.97372484207
1.89867210388
2.99314212799
0.810600042343
1.8608379364
0.425316095352
0.571573972702
0.189518928528
1.50748586655
2.45336318016
0.255929946899
0.485050916672
1.05220103264
2.05804204941
0.308549165726
1.22386908531
2.56951189041
0.531660079956
0.942859888077
2.16827893257
1.78846502304
0.250443220139
2.83558893204
0.664474010468
2.16099905968
0.430338144302
0.554800033569
0.261996984482
1.30218195915
1.99818301201
1.77278900146
2.94783997536
0.477720975876
1.44976115227
0.414608001709
0.850440979004
0.609836816788
0.274629116058
0.950092077255
1.715239048
1.30725598335
0.193370103836
0.622073888779
1.70277404785
1.09176898003
2.09510707855
1.97954201698
0.993504047394
1.03628396988
0.895170927048
2.01767206192
1.98769593239
2.86160612106
0.387897968292
2.02701997757
0.999889135361
0.396209001541
0.275708913803
2.24609899521
2.00462293625
0.33876991272
2.42825293541
0.568096876144
3.23823714256
0.78067612648
0.554888963699
0.320845842361
0.171186923981
0.855905056
2.32127594948
1.72046399117
0.298588991165
2.78279519081
0.454023122787
1.84429693222
0.831428050995
0.86064696312
0.306854963303
1.39955210686
0.0873630046844
0.159973144531
0.300351142883
0.879940986633
3.29347801208
1.05048298836
2.05818104744
1.91100811958
1.23908209801
2.15185284615
0.350602149963
1.45865893364
0.510274887085
1.96152186394
1.23379397392
2.82295703888
0.614167928696
0.680257081985
0.988207101822
1.22552490234
1.80921006203
2.75901198387
0.167886972427
0.21834397316
1.13130402565
2.79392385483
0.607185125351
0.782038927078
0.981561899185
1.74640488625
1.15842795372
2.0143289566
0.23318696022
2.89173293114
0.511384010315
1.331387043
0.484946966171
0.926480770111
1.10849404335
1.0166220665
2.19411706924
3.54115986824
1.21591496468
0.519069194794
1.85551786423
1.28379011154
0.656162023544
0.151203870773
0.192570924759
1.00451517105
1.92217898369
2.3582611084
0.113311052322
0.230717897415
0.52242398262
0.938349962234
3.1016099453
0.754279136658
1.44816017151
1.88198804855
0.395283937454
0.945106983185
1.87206411362
0.511095046997
2.56523299217
0.453800916672
0.917502164841
2.07122707367
1.21872210503
0.736670970917
2.08270001411
3.99755787849
1.57198095322
0.77689409256
1.7760078907
0.282428026199
0.755439043045
0.311856985092
0.245559930801
1.17137002945
2.04499697685
1.88671398163
1.94294095039
2.46413898468
0.131792068481
0.189183950424
0.390065908432
1.10925912857
1.18362212181
1.18576693535
2.68856906891
0.347898006439
2.61669492722
2.10101985931
1.74900889397
0.926268100739
0.785670042038
0.205821037292
0.103756189346
1.09287905693
1.89865994453
2.67199683189
0.172547101974
0.287667036057
0.858240127563
3.60299897194
0.474339008331
1.18837594986
0.380018949509
0.948678970337
1.44503092766
0.823147058487
2.01046013832
2.06697297096
2.01383090019
1.89144086838
1.06134819984
0.333795785904
0.108837127686
0.976168870926
2.68613219261
1.72565603256
2.02181911469
3.73058199883
0.373088121414
1.01189494133
0.280488967896
0.107748031616
0.110265016556
1.63245105743
0.355366945267
0.835574150085
3.35435295105
0.710304021835
1.84479880333
1.69655704498
0.793372869492
1.4517018795
0.103060007095
1.29970502853
1.675385952
0.543296813965
1.48259401321
2.19871497154
1.12078094482
0.269272089005
1.12793207169
2.59849405289
1.29351401329
1.11031198502
3.04820895195
0.243086099625
0.792117834091
0.415825128555
1.86707806587
2.78559494019
0.314462184906
1.27604103088
1.52671098709
0.908428907394
2.45202898979
1.86834192276
2.00455594063
2.8790640831
0.635792970657
0.915266990662
1.11512804031
0.164693117142
0.10585308075
1.420814991
2.16204714775
3.18830299377
0.916735887527
2.97149705887
0.656548023224
0.36657500267
1.49476718903
0.0810129642487
0.0955109596252
1.3867919445
1.80678796768
3.42818212509
1.48189806938
0.832129955292
1.82950401306
0.901253938675
1.41743683815
0.113839149475
0.0628321170807
1.85164380074
0.498190164566
1.08153009415
1.85604810715
1.66498398781
2.1431620121
2.59135198593
1.48374795914
0.0775871276855
0.0688149929047
