1.0949280262
0.668141126633
0.523128986359
0.330929994583
0.460200071335
1.08759498596
0.192655801773
0.560075044632
0.944503068924
0.910086870193
0.754719018936
0.909526824951
0.455727815628
0.256447076797
0.766318082809
1.44161701202
0.612874984741
0.311681985855
0.633125066757
0.689187049866
1.25103092194
0.492575883865
0.719772100449
0.377331972122
0.646232128143
0.498888969421
1.78502011299
0.543540000916
0.580590963364
0.186920881271
1.12716984749
0.645641088486
0.443759202957
2.1402490139
0.203907966614
0.600531101227
0.794109106064
0.482445955276
0.635045051575
0.195372104645
1.83824801445
0.422991991043
0.273593902588
0.696427822113
1.25143480301
0.510730981827
1.29882502556
0.751820802689
0.227636098862
0.387453079224
1.50978088379
0.401969909668
0.838531970978
0.762315988541
0.850325107574
0.292973995209
0.525974035263
0.604429960251
0.880365133286
1.32052397728
0.952877998352
0.79821395874
0.347514152527
0.55730509758
1.34614610672
0.36714887619
0.416507005692
0.450385808945
0.57737994194
1.43684697151
1.99647498131
0.134467124939
0.276510000229
0.520036935806
1.39531707764
0.491968154907
0.504148960114
0.510068893433
1.35302996635
0.498352050781
1.50943589211
1.52415394783
0.648842096329
1.1270339489
0.197004079819
0.267959117889
0.902623176575
0.67586183548
0.700477838516
0.874397993088
0.734524965286
0.534096956253
0.441212892532
2.00047087669
1.87325882912
0.792202949524
0.180195093155
0.170841932297
0.602112054825
0.406966924667
1.62133002281
0.979425907135
0.47967505455
0.648994922638
0.781634807587
0.672781944275
0.710180044174
0.781766176224
1.28362488747
0.333736896515
1.47939300537
0.901767969131
0.480501890182
1.33319401741
0.237740039825
0.32331609726
0.616232156754
0.385628938675
0.587979078293
1.93311095238
1.45009422302
0.580631017685
1.54269695282
0.449306964874
1.5794479847
0.490849018097
0.640456914902
0.232673883438
0.622070074081
0.642365932465
1.41058397293
0.734171152115
0.890027999878
0.488021850586
0.714977025986
1.91362690926
0.587866067886
1.3844461441
0.423463106155
0.426613092422
0.926899909973
0.663615942001
0.502434968948
0.502516031265
0.261327981949
0.636418104172
0.937720060349
1.88871407509
2.01965308189
0.591647863388
1.83915901184
0.199039936066
0.412576913834
0.191302776337
0.995124816895
1.61883592606
0.318040847778
1.60627985001
0.61586689949
0.387825012207
0.936717033386
1.71872186661
0.528151988983
0.6179728508
0.645924091339
0.206148147583
0.260841846466
1.276086092
1.34598898888
1.20090603828
0.885290145874
0.814851999283
0.771833896637
0.345333099365
1.0313539505
1.95565104485
0.670660972595
1.45159196854
0.324677944183
0.316233158112
0.894558906555
1.12041401863
0.670122861862
1.46714091301
0.26681804657
0.559262990952
0.288357019424
0.61976981163
1.02305293083
1.3147289753
1.45836806297
0.388227939606
2.72968292236
1.47167301178
0.582062005997
0.187381029129
0.158530950546
0.609378099442
0.434427976608
0.524436950684
0.893906116486
0.443875074387
0.376690149307
2.25167107582
0.18835401535
0.479528903961
0.698518037796
0.859498977661
0.964147090912
1.25420403481
1.08022618294
0.845178127289
0.279187917709
0.736109972
1.25047016144
0.29092502594
1.24960708618
1.85737395287
0.306479930878
0.476407051086
1.84909200668
2.25036883354
0.297913074493
0.460367918015
0.442819833755
0.378580093384
0.453258991241
1.8880469799
0.29156088829
0.66765999794
1.76941990852
1.44093298912
0.418460130692
1.72166585922
0.352684020996
1.30075001717
0.611873865128
0.277164936066
0.293379068375
0.62962603569
1.62553596497
0.635497093201
0.254000902176
0.642971992493
1.01673913002
2.18740797043
1.47521805763
0.36651301384
0.309450864792
0.783571958542
0.629778862
1.2534840107
0.349784135818
0.604990959167
0.680905103683
1.73679614067
0.610535860062
0.828008890152
1.46432209015
0.574169874191
0.883324146271
0.84722495079
0.367336988449
0.635102987289
0.710376024246
2.24912500381
0.898379087448
0.472434043884
0.958150148392
0.7423620224
0.513744831085
0.76843214035
2.00253915787
1.70164990425
0.993411064148
0.752371072769
0.761790037155
0.48727107048
0.456618070602
0.583969116211
1.61335086823
0.417911052704
2.69665694237
1.48214101791
1.13005685806
0.45786690712
0.734101057053
0.3482401371
0.520927906036
0.141551971436
0.917499065399
1.11764097214
1.69452118874
0.452481985092
2.16803193092
1.90196800232
0.315006017685
0.531211137772
0.510947942734
0.194977045059
0.501837015152
0.81499004364
1.90699100494
2.51335382462
0.786974191666
0.274635791779
1.1923429966
0.719819068909
0.36607503891
0.158339977264
1.20988798141
0.633167982101
1.67577695847
1.71470212936
0.522927999496
1.80964589119
0.405052900314
0.317347049713
0.556864976883
0.573925971985
1.49821400642
1.54512810707
0.52272605896
2.11580109596
1.74076700211
0.779021024704
0.284768104553
0.488530874252
0.186249017715
0.209432125092
1.15587306023
1.62233304977
0.461358070374
0.893775939941
2.36561703682
1.26273202896
1.07065296173
0.666085958481
0.32387804985
0.273046016693
1.4376578331
2.74690699577
0.264644861221
1.09036898613
1.65901494026
0.373285055161
0.486612081528
0.814509153366
0.345100164413
0.204895973206
0.954586982727
0.994467020035
2.14627599716
2.25966095924
0.834496021271
0.485601902008
0.72517490387
0.397849082947
0.330034017563
0.786706924438
0.920955896378
0.532075881958
2.11170506477
1.93045401573
1.50483107567
0.935338973999
0.57123708725
0.495424985886
0.142312049866
0.21626496315
0.755320072174
0.695172786713
2.80315494537
1.02480196953
0.626066923141
1.82333016396
0.360089063644
0.457507133484
0.754076957703
0.172220945358
1.89927911758
2.98609399796
0.475875854492
0.382276058197
0.417377948761
2.66453790665
0.293851852417
0.709580898285
0.242171049118
0.112077951431
1.66598200798
1.74006390572
2.27373695374
1.91826605797
0.314805030823
0.407758951187
0.391765832901
0.716368913651
0.0973379611969
0.114995002747
2.08346009254
2.4303791523
0.276549100876
1.54569101334
1.34292984009
0.767142057419
0.703619003296
0.665025949478
0.229570865631
0.101353883743
