0.595335006714
0.389858007431
0.36358499527
0.478450059891
0.650073051453
0.224726915359
0.22599196434
0.370564937592
0.529081106186
0.370270967484
0.579967975616
0.361955165863
0.117840051651
0.566917181015
0.336601018906
0.947931051254
0.319319009781
0.284847974777
0.397567987442
0.419224023819
0.875789165497
0.446684122086
0.474488973618
0.997404098511
0.305380105972
0.52804517746
0.189621925354
0.305305957794
0.271118164062
0.274163007736
0.4839220047
0.324595928192
0.268894195557
0.445934772491
0.651853084564
0.557106971741
0.304593801498
0.277106046677
1.05644106865
0.484246969223
0.760592937469
0.422509908676
0.791212797165
0.450220108032
0.159476041794
0.279987096786
0.426980018616
0.350662946701
0.387449979782
0.602882862091
1.23694086075
0.229046821594
0.395567893982
0.604457139969
0.399482011795
0.254291057587
0.844659090042
0.450560092926
0.604734897614
0.34757399559
0.470238924026
0.286283969879
0.595369100571
0.602514028549
0.336360931396
0.34202003479
0.829920053482
0.827026128769
0.43909406662
0.364028215408
0.707059144974
0.376269102097
0.22806096077
0.505015134811
0.360258102417
0.501144886017
0.329077005386
0.672730922699
1.49064993858
0.440582036972
0.937248945236
0.267139911652
0.761409044266
1.7867770195
0.341298103333
0.366933107376
0.151255846024
0.26994395256
0.543348073959
0.268863916397
0.321922063828
1.58337402344
1.10719799995
0.280702114105
0.272747993469
0.715682983398
0.30463886261
0.260043859482
0.521869897842
0.358954906464
0.794848918915
0.312479019165
0.182705879211
0.262584924698
0.73562502861
0.732372045517
0.352565050125
0.264235019684
1.43385195732
0.685034036636
1.30509901047
0.484205007553
1.17054796219
0.347719907761
0.912193059921
0.224643945694
0.255630016327
0.426409006119
0.287296056747
0.376050949097
0.807882070541
0.202128171921
0.270125150681
0.592499017715
1.69598913193
0.303303956985
0.303487062454
0.495841026306
0.90958404541
0.387627124786
1.44903302193
0.537018060684
0.890002965927
0.286560058594
0.42772102356
0.471806049347
0.315181970596
0.257361888885
0.944631099701
0.266318082809
0.762569904327
1.5634958744
1.43745303154
0.591465950012
0.312478065491
0.279330968857
0.336176156998
0.459713935852
0.304974079132
0.27198600769
1.17559790611
0.337323904037
0.367351055145
0.556656122208
0.240781068802
0.683861970901
1.56041812897
0.305167913437
0.350719928741
0.270574808121
0.985455989838
0.482826948166
0.676406145096
0.256531953812
0.982089042664
0.549085855484
0.296185970306
0.340576887131
0.808768033981
0.356506824493
1.4246571064
0.453590154648
0.568154096603
0.256703853607
0.447358846664
0.377490997314
0.953869104385
0.273252010345
0.878866910934
0.358000040054
1.60510897636
0.435111045837
0.616502046585
0.472276926041
0.264743089676
1.46146583557
0.206701993942
0.291947126389
0.210848093033
0.504831075668
0.926760196686
0.734071016312
1.56782102585
0.577976942062
0.29907989502
0.376258850098
0.351512908936
0.354573965073
0.247885942459
0.52781701088
0.533397912979
0.388459205627
0.434144020081
0.530331850052
0.899109125137
0.834506034851
1.05235099792
0.988806009293
0.455709934235
0.314234018326
0.505732059479
0.223810911179
0.491487026215
0.352052927017
1.03930497169
0.519013166428
1.49229192734
0.633831977844
0.710760116577
0.277601957321
0.744697809219
0.28581905365
0.770104885101
0.902708053589
0.658077001572
0.998502016068
0.317190170288
0.710510015488
0.779328107834
0.252725124359
1.5051779747
0.361325025558
1.13278198242
0.544406175613
1.20619678497
0.37505197525
0.269759178162
0.597780942917
0.276492118835
0.0632379055023
1.00875687599
0.501980066299
1.03178596497
0.707268953323
1.58609008789
0.465658903122
0.308818817139
0.491647958755
0.0823481082916
0.073746919632
1.12019300461
0.612550973892
1.30102491379
0.31058216095
1.17543697357
0.487226009369
0.263470888138
0.26647400856
0.438022136688
0.441112041473
1.75679206848
1.40292906761
0.520733833313
0.756693124771
0.308387994766
0.199424028397
0.606105089188
0.610888004303
0.334866046906
0.108643054962
0.881635904312
0.478048086166
0.421816110611
0.871453046799
0.593902826309
1.44182109833
0.721252202988
0.630938053131
0.316002845764
0.108731031418
1.52919793129
0.464302778244
1.54874396324
0.414785146713
0.785935163498
0.615401029587
0.388767004013
0.305652856827
0.574385881424
0.136245965958
0.898571014404
0.78425693512
1.61451792717
1.5207760334
0.696996927261
0.541072845459
0.31750702858
0.0513789653778
0.0761728286743
0.115445137024
0.5591609478
0.533394813538
0.393846988678
1.59664797783
1.38991999626
0.813140869141
0.358970165253
0.720217943192
0.102555036545
0.0704061985016
