25.4111800194
14.3493378162
14.334692955
10.8997089863
19.0710728168
15.1584239006
12.9572310448
9.11027002335
6.71420288086
14.2837171555
17.3340389729
11.8155739307
11.5828690529
12.3719170094
12.8168559074
14.0071539879
10.6709549427
6.64030694962
6.81423997879
12.1286480427
14.4044120312
14.2066540718
11.5115740299
14.7443499565
14.8279588223
14.099260807
10.8887419701
8.99164295197
6.4147670269
11.0984950066
14.1473178864
16.2252249718
12.4603791237
14.5355510712
12.3138790131
12.8472571373
16.119879961
11.9399831295
14.3897979259
14.6179859638
16.3145461082
10.7123510838
17.6610999107
12.0782258511
10.1443128586
10.3007318974
8.05691003799
8.43071007729
16.7901799679
12.3461680412
12.8579139709
14.9409208298
11.7349848747
13.5932309628
11.9015469551
11.924695015
9.09894108772
6.11313390732
13.749453783
17.8183670044
14.3101232052
11.6123781204
19.7694020271
21.5329768658
11.3719940186
11.0884521008
10.538312912
14.5388150215
14.502696991
12.9915919304
12.7696862221
13.0900039673
12.8497228622
9.84685087204
11.2549920082
7.95755887032
5.99851703644
10.8207669258
14.749560833
15.9317009449
14.182477951
15.143901825
13.2477419376
15.5371000767
12.4786300659
10.8265559673
11.3462748528
23.3949329853
13.6076059341
16.1277391911
12.4325170517
16.4778048992
18.5610609055
7.11505103111
7.46026396751
13.5922708511
10.7718300819
15.611852169
13.2270030975
13.5189590454
12.9922180176
12.6623909473
18.2379438877
8.34351706505
6.76454901695
10.5609707832
22.2077541351
13.900416851
14.2105400562
12.2217319012
15.2863938808
9.73035502434
16.510766983
7.91975188255
7.61676907539
14.2378418446
20.4967560768
19.2206938267
12.4727339745
11.687525034
12.0559399128
12.5610868931
10.5929889679
10.5333220959
17.381398201
11.895056963
15.146433115
11.4004540443
15.1825561523
13.1043109894
12.5993480682
10.7172908783
11.9640529156
10.2704911232
11.7783432007
14.3345248699
14.9628789425
15.9918859005
14.8466479778
12.0208530426
11.9457190037
10.3199131489
12.5189731121
6.9534740448
7.64701104164
13.6948339939
14.7046060562
14.9061229229
11.8290221691
13.1292002201
15.4069840908
15.4730780125
15.9448161125
9.33637499809
13.7292909622
14.2738409042
17.3845310211
11.9175789356
13.0473189354
12.4513988495
14.3968749046
11.8850750923
15.5661327839
8.78180003166
6.93126416206
19.1892719269
16.9901819229
15.891835928
12.7613611221
18.1327981949
11.9943070412
10.1249089241
10.9481699467
9.35958003998
15.0261268616
17.5038869381
14.2577130795
10.9549219608
12.7410469055
15.5845768452
13.8503248692
11.2910339832
9.94887304306
8.33239507675
5.13244509697
11.5489311218
23.9632680416
13.4183909893
13.9922521114
12.3009951115
19.5799098015
11.5968739986
13.3706040382
11.3467609882
9.93864488602
13.9898469448
15.7423610687
14.1476089954
16.1572349072
12.3714518547
12.9475979805
13.6253321171
10.4394180775
6.27900600433
7.7371878624
19.2626280785
11.5416169167
14.9885158539
16.8706879616
10.91989398
17.2657039165
15.1103420258
13.1572830677
13.3020248413
13.3005890846
13.3391158581
12.196395874
12.9689071178
11.2895109653
15.2181510925
12.6558148861
13.7340760231
11.8006989956
8.78845596313
19.898234129
12.5575881004
13.6585137844
10.6032009125
13.7595031261
12.4377009869
14.2481310368
15.631321907
10.8019340038
8.39107704163
6.25914597511
12.1633229256
18.0011680126
14.6447610855
11.7865250111
17.9960610867
18.2014279366
11.8195490837
13.9267239571
9.58019900322
14.8129060268
19.1604948044
14.5968301296
11.6733379364
13.1928009987
13.191822052
13.8488738537
11.7005031109
12.4040341377
8.62457180023
7.47194695473
14.5700018406
18.7027690411
16.1784009933
15.5727760792
13.0428640842
11.758232832
20.2898471355
10.2265439034
7.9660718441
14.5483360291
14.8053610325
14.3460519314
13.8824729919
12.9428448677
14.2452189922
21.0624449253
11.3544979095
12.4206910133
11.1034829617
12.2473900318
18.1164271832
14.4486060143
12.9645328522
13.2416779995
13.2714650631
12.9836239815
10.6271359921
14.6511240005
9.65778803825
17.9811010361
23.8373680115
14.6552670002
14.2128391266
10.7452511787
11.8632199764
11.449862957
11.3078081608
13.5664100647
12.7938520908
12.8349020481
13.029312849
15.788864851
12.3012800217
19.2524180412
13.7602989674
9.39437198639
11.574575901
11.043774128
9.78602814674
10.6191539764
14.0091421604
15.6281781197
13.2350420952
11.7103919983
15.2152838707
14.6185088158
15.4912209511
13.0965690613
8.37484693527
7.54600381851
16.1353039742
16.396009922
14.5528988838
12.4495251179
12.6899299622
21.8471961021
12.805629015
12.1776001453
9.67844295502
13.5678730011
14.0050001144
14.5096030235
11.7849261761
15.2807569504
16.478607893
15.279225111
11.3161652088
12.8709330559
10.9088449478
12.6060929298
13.1196451187
15.7860441208
17.0380380154
12.2535009384
12.4704179764
12.2569980621
17.7664721012
11.3176321983
11.136068821
12.7069709301
12.0224058628
15.1276841164
11.921708107
13.0794651508
11.580586195
19.5486178398
10.6929931641
15.9696619511
8.58686614037
7.26269817352
14.7702870369
20.7509360313
13.2164471149
16.2500400543
12.8968529701
11.7741019726
15.2640109062
17.3376488686
17.2673830986
13.4945919514
14.5913748741
14.3533101082
14.1909811497
12.7171151638
11.5701069832
10.1939949989
12.6053249836
13.7733440399
11.5248219967
18.0511639118
15.5101239681
17.2676627636
13.8210020065
11.2862620354
13.0154349804
9.04812216759
11.5470588207
13.6758549213
12.1600689888
10.7769761086
23.3166310787
10.2734689713
16.9424569607
12.08644104
13.6418528557
13.2792761326
12.4223718643
11.7872509956
12.7482888699
14.1312091351
17.7576899529
11.216353178
15.9630169868
12.7636518478
12.6905698776
16.1769011021
12.9521341324
10.683483839
10.6565191746
13.2652711868
20.3950929642
12.2462878227
16.5437939167
11.1416990757
13.8136849403
13.6387608051
11.6813080311
12.5838999748
11.5590221882
16.3056900501
16.4875118732
10.4304699898
11.368129015
14.7693212032
13.1974449158
18.8497831821
11.884706974
10.7420020103
16.2658150196
13.8922891617
14.3745670319
15.8313610554
13.4948220253
15.7010419369
11.2250049114
9.94710302353
15.0721809864
10.8880228996
13.4806499481
15.9207658768
16.7900009155
12.9382340908
14.132956028
12.1622400284
14.7037248611
9.26367115974
11.7753429413
14.464730978
8.33411002159
6.66093420982
14.428207159
19.3242731094
14.7845189571
14.6625978947
12.4196379185
13.4468250275
20.1722829342
14.7277460098
9.19710302353
5.25826406479
11.1040649414
13.903427124
15.5962400436
21.5577690601
16.6858508587
17.5393579006
17.1590220928
14.44313097
10.6854600906
10.5588810444
13.5179030895
16.3721930981
13.2770328522
15.675868988
13.1540930271
13.9505460262
19.4622268677
11.8258061409
9.42576694489
12.9014880657
15.1055297852
18.252603054
19.5713610649
11.538465023
14.2839210033
16.1161360741
14.7834300995
10.9068861008
9.8956861496
12.7894461155
12.6555969715
14.1115758419
16.6905560493
15.9251680374
12.3299250603
14.0273120403
21.4045481682
10.3635749817
11.0324029922
11.049063921
23.0839810371
13.1240680218
16.5088310242
11.9901399612
12.5862209797
12.7823138237
16.0349581242
10.3789460659
11.621199131
16.8432090282
13.5146398544
12.8303649426
16.6466350555
12.1097838879
13.8657310009
11.0714190006
16.988874197
12.5963099003
12.6009910107
13.4704899788
17.5405249596
15.1184108257
15.3267831802
12.2004220486
16.7551031113
15.1616790295
11.0829930305
10.5127689838
13.1045320034
14.3971328735
16.4623250961
15.1741089821
14.1213481426
15.3842000961
16.7368550301
10.8360590935
12.4688048363
11.0377840996
17.3604118824
13.9831728935
14.269616127
16.6526100636
15.7466959953
12.1036741734
12.6805040836
10.7538299561
13.420222044
11.3123641014
13.0375180244
20.044413805
14.2271168232
17.1913011074
13.3041129112
13.8119959831
11.6507511139
15.2021300793
10.5968389511
11.2234680653
11.9866728783
19.1753740311
17.3381171227
16.720236063
12.1773838997
12.7838950157
11.9966189861
11.7322630882
14.2468500137
10.4438230991
12.0275738239
11.7568631172
13.3000030518
15.7441921234
18.2321088314
13.3983738422
12.2242529392
17.8195919991
15.772135973
10.3598358631
6.78053402901
13.7280809879
15.6952579021
15.7168619633
15.3626229763
13.7765448093
15.7267990112
16.5505959988
16.4313030243
10.9832670689
18.7589390278
13.5016489029
15.5293011665
15.8785600662
13.8354158401
12.7851779461
12.2314400673
10.3484859467
11.9333891869
12.0677042007
9.57572388649
13.5148980618
21.8590118885
14.3508651257
16.4501869678
11.7422251701
21.406028986
10.2417399883
10.9477710724
10.2830979824
13.8046770096
15.7391979694
11.8902850151
13.1016731262
12.0141611099
19.202780962
13.1726391315
12.4810349941
15.6905138493
11.5603871346
7.62392187119
8.33336091042
17.3129098415
15.4097130299
15.1852109432
15.8494260311
17.7009930611
13.9886729717
16.6338708401
13.2046749592
8.9262239933
21.3170831203
14.4159269333
13.0765690804
15.5935320854
12.9363729954
17.4163208008
13.3995218277
13.5346131325
11.2969880104
21.194070816
15.8017268181
13.8155610561
11.4012410641
14.6955721378
12.4288420677
12.8664860725
10.7608110905
13.816644907
10.8211040497
11.101806879
10.3183629513
13.5099129677
14.7472169399
21.7082099915
13.6836359501
17.7173500061
13.6024618149
11.5870199203
12.2544488907
23.5729849339
11.9339940548
14.1053030491
12.630204916
14.4901149273
12.6294538975
12.9643747807
14.5066308975
9.72734999657
11.2537031174
7.59588694572
15.4920201302
20.3445689678
15.5795931816
16.143682003
11.4295790195
19.3415219784
10.1161499023
12.2905020714
12.5449399948
10.0663011074
14.9419257641
14.2118749619
13.2397119999
19.1560840607
11.8904879093
13.2112929821
16.0740408897
15.3251681328
12.2313489914
11.5848197937
10.7140460014
14.541821003
15.2997879982
17.7919170856
16.0363090038
15.6598079205
9.496571064
15.6748600006
14.0018501282
9.09316301346
12.173361063
13.5575199127
15.6197199821
20.0718019009
13.1916940212
13.1465039253
13.3496890068
16.6900401115
13.4647269249
9.78140497208
17.1394820213
13.2014651299
14.1238360405
18.4445860386
16.5000720024
13.2086927891
11.2588229179
16.3761649132
10.8169240952
18.3080990314
13.5587661266
14.5354349613
13.7029421329
16.1770198345
12.6345748901
13.5015609264
12.3642320633
10.737942934
13.1359531879
16.1881480217
15.6497249603
16.9966549873
18.4524080753
11.9518110752
12.9744870663
12.2558619976
10.6575138569
10.303175211
12.3845660686
10.7399160862
13.4907140732
22.8343138695
12.5049548149
17.606085062
11.4400689602
18.7239980698
10.2803161144
12.2760031223
13.0608079433
7.60896706581
18.7179858685
11.5817320347
15.8788809776
13.9806270599
14.1611709595
12.6987810135
14.7764232159
17.7914841175
14.9738278389
11.5657248497
13.4200971127
11.8395810127
13.6666891575
18.0022678375
14.8585867882
14.9221339226
13.1841168404
17.4754590988
11.4546461105
16.5161988735
13.6036119461
17.3425571918
13.1246709824
13.1824200153
11.594851017
13.4035360813
10.0959279537
16.841807127
15.6180429459
16.9318721294
13.3681650162
13.9297969341
11.093752861
16.9599819183
11.4140400887
20.680038929
13.2419710159
10.7186529636
12.2478640079
13.7151069641
16.7633929253
16.288257122
12.4579899311
14.21758008
16.3322298527
12.4568669796
15.4513468742
12.972522974
10.3315320015
20.5295338631
14.2939341068
15.2075760365
11.1387140751
13.5455210209
14.9828050137
14.210362196
11.8891310692
11.719586134
12.2002089024
16.1801869869
13.3396627903
15.9650719166
13.4225070477
15.4702398777
12.2841229439
19.6962940693
11.2968969345
12.3086209297
10.028190136
7.7013220787
18.0455210209
14.7339777946
13.8065891266
18.2268950939
14.151403904
21.7509288788
12.3095679283
12.9618711472
10.596460104
17.1649501324
14.1352319717
14.773239851
13.5753998756
16.3250648975
16.4033131599
14.5328121185
10.2093448639
11.9239120483
10.9166548252
12.8812258244
16.4286010265
20.2378110886
16.609236002
12.0175480843
15.0442020893
12.6196300983
15.6356320381
10.7865378857
11.0083100796
16.2544770241
13.8527832031
15.8849108219
19.1558670998
20.0047240257
12.6210818291
9.29249787331
10.9885709286
12.4966979027
10.2694928646
9.93265795708
15.2419168949
17.946366787
15.3593850136
18.0431060791
14.1169669628
19.6243920326
10.4662950039
12.4189939499
10.705288887
7.76484489441
6.29738306999
18.8291549683
18.1369280815
19.4582190514
19.0306868553
17.03678298
14.6254448891
11.768157959
11.1424889565
16.938368082
13.889788866
12.9711191654
14.8584959507
13.7214250565
12.0648179054
15.6569881439
15.5005130768
11.7878670692
12.4802219868
22.8184421062
12.1608970165
15.6220219135
11.0114150047
13.7998640537
16.1327450275
12.7855110168
11.9059829712
11.9089488983
12.5852150917
28.4084579945
13.0096838474
14.9984028339
11.6330189705
11.6901519299
13.9639928341
13.8774440289
10.4955551624
11.6812500954
11.4395368099
13.202286005
13.4547979832
19.6445858479
13.3101131916
14.6204550266
15.8344278336
14.3989040852
15.1703190804
11.5829789639
11.402326107
27.8335020542
14.0428278446
10.9486489296
17.3199729919
11.0220999718
13.8849480152
13.1432261467
10.7767949104
10.2784070969
11.5196521282
16.6508970261
13.4242739677
16.2841508389
18.8421881199
19.3446750641
13.0696899891
9.30106091499
10.8523321152
11.440985918
11.6088190079
21.6009399891
12.7636599541
14.3426508904
13.1586780548
14.2858090401
11.7691240311
12.6325700283
16.4368178844
11.834980011
11.9326908588
15.9401509762
15.0916819572
18.0422310829
17.4803411961
16.1857869625
14.0737509727
11.4091079235
11.1121940613
12.272094965
10.6128151417
11.944013834
19.1493718624
16.604362011
16.1459338665
16.8826730251
12.1940481663
11.8877549171
13.3683969975
14.1042048931
10.6810078621
25.0927219391
12.1313130856
15.1189920902
11.8154850006
18.35907197
13.7233741283
10.4260959625
10.9527239799
10.5820419788
12.2897660732
12.7814059258
12.8514649868
18.3233520985
12.2986280918
11.1254198551
18.9010949135
23.1824769974
11.4429488182
13.2008750439
10.5459651947
25.3080821037
19.5107750893
15.0722010136
12.6296350956
11.3586449623
15.1994388103
9.95453214645
11.7044830322
11.0561289787
10.5578329563
15.0503559113
14.3625760078
17.1668119431
16.2789950371
14.4281840324
17.9305310249
14.0393099785
11.8823440075
10.6274609566
10.9368138313
16.1413900852
14.3011348248
11.927175045
14.0202240944
16.9026498795
11.6356589794
16.7828948498
19.8785588741
10.7568061352
10.5899231434
8.76399207115
20.5359709263
18.3679909706
16.3518288136
16.2837710381
16.0810160637
13.4038519859
11.4325370789
12.977273941
10.8603889942
17.5048880577
14.4057681561
14.5409069061
16.9117920399
13.2837221622
15.2630109787
13.6175699234
10.9003369808
15.2296950817
10.910861969
17.525911808
12.3981821537
12.1325209141
15.9613940716
15.4849770069
11.4450759888
19.4353578091
17.9101169109
10.5198559761
10.7068729401
16.8511250019
13.9316401482
16.4314439297
13.4555208683
15.4306929111
13.191836834
13.7642781734
11.957100153
15.9406838417
10.1542339325
17.144559145
14.2435278893
17.082916975
14.4160530567
14.3291189671
12.1298458576
13.6259491444
16.6628129482
12.1333229542
10.5636670589
9.4216530323
13.6668891907
19.4967088699
13.3627390862
12.4844179153
20.811000824
14.0495460033
22.6435039043
11.31163311
8.84295701981
9.44234013557
13.1896388531
19.4156520367
13.7458407879
17.7446110249
12.3460531235
22.7123088837
10.3426151276
16.6630828381
9.68315982819
13.665815115
15.6792869568
17.3773560524
15.6025109291
16.9663648605
13.5421860218
17.1115789413
12.8529610634
11.3190879822
9.18890094757
8.11085104942
16.8185839653
22.1174349785
16.626429081
15.0029969215
12.4439821243
16.9982199669
11.7605412006
17.6950509548
9.07639098167
22.0140490532
18.734416008
13.9412109852
11.0548400879
12.2680521011
12.4269659519
14.106664896
11.8221428394
17.0729010105
9.30248808861
12.6900069714
13.6094059944
11.2181768417
13.2528338432
17.9774739742
18.2984609604
22.0619671345
13.1585011482
13.1064381599
8.93836712837
13.7867691517
15.5250639915
14.2907488346
15.2115969658
14.213447094
15.8753080368
11.4638469219
16.8524081707
17.2226622105
9.2745859623
24.010340929
13.8657710552
14.0187408924
12.6222259998
15.1462359428
14.9233679771
15.0539660454
12.2503409386
12.4665369987
8.66296601295
20.0398759842
17.6824820042
16.5946080685
12.4307320118
13.1030929089
15.256622076
12.8010299206
11.0264880657
13.0654799938
11.4562849998
22.4927549362
19.3774540424
11.9717850685
10.9555680752
14.3900499344
12.5192041397
12.3939480782
16.0115010738
12.1462721825
11.5878970623
28.333575964
12.9653120041
13.3367300034
17.325512886
16.1732461452
12.5652298927
11.6871910095
11.2303891182
11.0683820248
8.72663807869
19.632488966
19.5998730659
14.0375928879
11.8613610268
15.6325480938
12.4205100536
17.8004570007
11.9055969715
11.050276041
8.94497203827
25.3993201256
18.0859479904
17.1113579273
12.1962358952
11.7974348068
14.0521521568
9.63517379761
11.1027591228
12.7677989006
10.9579918385
14.6791110039
15.3183259964
14.7445611954
13.4809999466
12.077835083
12.5599381924
25.7350862026
12.9830629826
12.896394968
9.51626992226
23.1576900482
11.3238971233
15.6299619675
18.9992790222
13.9079918861
17.9637310505
10.7076840401
11.456412077
11.2055990696
8.86195278168
23.2786180973
11.5108850002
16.04530406
13.6700468063
16.2939531803
13.215018034
15.1552829742
12.7022171021
12.0517849922
9.60292005539
13.5418300629
15.0998289585
19.1652870178
20.0949230194
12.8684368134
14.2276761532
14.2915549278
12.5325558186
12.1245331764
9.86760282516
17.7727689743
12.9731860161
16.6850378513
16.6217460632
14.05220294
15.3885498047
14.5480420589
17.61165905
11.088394165
9.07198500633
17.2771909237
14.0188949108
15.0358560085
15.6760489941
14.0429701805
16.8711190224
13.143778801
17.1232089996
11.016212225
8.8711309433
16.4750268459
14.9311509132
16.5608179569
13.1064682007
15.1215260029
13.5969610214
14.6860048771
18.390912056
11.7700998783
9.82046508789
12.6100821495
14.9137408733
18.4423620701
13.4202880859
17.3962039948
13.8354451656
14.0367670059
16.2821259499
13.7441518307
10.9302430153
25.3728840351
14.9723069668
15.1692659855
11.8777658939
14.6465198994
12.7372469902
10.9326319695
12.4627988338
13.0765478611
11.4689259529
15.7485730648
13.2074398994
17.206154108
16.3620181084
16.0315649509
12.3620939255
13.9581260681
11.5031030178
15.8772568703
11.8431529999
17.9564509392
14.1341180801
16.1397070885
16.8550670147
18.5969440937
18.4659180641
11.7704792023
12.159430027
12.0144598484
5.85294985771
11.4664931297
16.2176070213
12.7626309395
14.2062029839
16.1552791595
13.3592889309
18.371213913
19.2661130428
12.6956100464
11.2694859505
23.8412740231
11.8548841476
13.6751639843
11.6160559654
14.6671748161
17.937030077
18.103441
11.5625660419
12.2255718708
8.8620800972
10.9453279972
12.1599071026
16.312828064
14.0174880028
13.0571260452
17.9794039726
20.6255600452
12.4356629848
15.2883388996
13.1219279766
19.6205089092
17.6156148911
14.2279820442
11.2256240845
16.0051019192
12.3613920212
12.5187358856
14.5065011978
13.5750470161
13.0050189495
9.02711486816
12.8356268406
13.789591074
16.4169800282
19.0708429813
17.8295080662
18.6773860455
12.4152879715
16.031265974
11.2323880196
17.4832091331
13.603055954
17.2082858086
15.5507090092
15.7134931087
15.1463558674
16.9481639862
15.5778858662
12.1990640163
6.37524104118
17.7216088772
14.2679388523
13.9022967815
16.8339080811
13.3535039425
17.1132349968
18.5999159813
13.2373330593
12.1879489422
8.07971596718
15.3106238842
14.4464440346
19.0389959812
21.9028799534
16.6797759533
15.3109610081
13.0295629501
12.9514870644
10.5212650299
7.40009403229
13.5085232258
16.4487080574
16.4353818893
16.0783789158
14.8340630531
18.3066849709
13.1584770679
11.8453381062
12.4052128792
12.7207608223
28.845113039
12.6153328419
13.7346627712
17.4040350914
16.2192258835
12.7757320404
11.508918047
11.6831169128
13.6184129715
6.53464794159
16.3324389458
13.2807421684
16.8312020302
12.6961560249
12.6877350807
11.8831009865
20.7051489353
11.7027881145
16.2161300182
12.6360750198
26.290776968
10.3625919819
13.8558590412
11.7718820572
14.2178370953
18.9822759628
14.6289601326
14.8590149879
14.2741758823
6.41922497749
26.1766588688
14.1359469891
15.1558461189
14.3988389969
12.1669092178
18.8227288723
12.7450790405
12.96844697
11.3315660954
7.52061986923
22.9518611431
11.5667791367
15.0967919827
18.8523588181
17.0673110485
13.095334053
9.35486388206
11.7394020557
11.7830820084
13.6854879856
17.5337672234
13.2417850494
16.1486508846
16.4929218292
14.2222540379
15.7100799084
14.0914661884
18.1261260509
13.9267301559
7.88886713982
19.2943079472
18.3625559807
14.037984848
17.7818310261
13.7880790234
12.23624897
11.6712770462
12.6612789631
12.4448070526
13.4851059914
16.6148018837
16.0537250042
14.829679966
13.2454090118
14.9933819771
18.0211341381
11.3262588978
18.6837348938
12.3633360863
9.44665002823
28.2571558952
15.1626629829
12.6586821079
12.3857529163
15.6592469215
14.3633670807
12.369505167
17.652089119
10.9718210697
6.45339798927
18.79885602
16.2900350094
15.7706120014
17.5387990475
12.816037178
11.2889101505
17.5667040348
17.9455051422
13.3242330551
4.72760081291
27.0395479202
17.3050808907
14.8528711796
16.1470990181
12.1734330654
18.7817940712
11.0775389671
13.4824049473
10.4612390995
5.66182780266
25.4722578526
12.6974279881
12.7308139801
18.7335441113
11.4293658733
11.3615789413
18.5163769722
17.7175490856
10.9956030846
6.5979309082
24.7876648903
18.4294819832
13.5599379539
16.4054019451
12.9624731541
19.2956511974
11.611634016
13.8475279808
10.9226560593
4.69697022438
12.8151059151
16.4740250111
17.7898249626
17.7724142075
21.0940849781
14.3499960899
15.9946129322
12.090018034
11.9918880463
5.68812298775
23.5009169579
11.4891719818
14.1738469601
17.9599328041
15.9524021149
13.6060509682
9.6852209568
17.0827162266
12.0065438747
10.4520661831
17.4060919285
14.1639750004
16.1406540871
16.3741130829
19.1223099232
18.5050079823
12.1045401096
12.5787651539
10.4279510975
9.36584401131
15.3874571323
14.863339901
14.3763020039
17.176970005
13.0804159641
12.9854981899
19.2310009003
18.4696350098
15.507586956
6.92096400261
16.4705410004
15.1844558716
15.9209008217
17.7229440212
14.9925358295
11.9713280201
17.1925959587
18.3236279488
11.192923069
6.9843711853
21.730779171
14.6076869965
13.2638540268
19.2126460075
13.7884600163
22.832447052
10.4440188408
11.2305121422
11.8614201546
6.49180698395
18.000836134
13.9512860775
16.6101288795
19.4143509865
14.4349939823
12.5680909157
15.2586421967
17.8878321648
11.5329940319
7.42855000496
18.0930681229
13.9798078537
14.3052339554
19.8098402023
20.224419117
14.9063761234
16.442773819
10.7601561546
11.1907811165
7.74768590927
21.4360668659
19.8788030148
12.0707120895
12.6680998802
19.5076920986
17.6253528595
14.3091869354
12.8495168686
10.0934240818
6.37380695343
28.6240899563
14.8885891438
14.9458568096
16.6651937962
10.7355601788
18.1097130775
15.9642028809
13.6874110699
10.5100231171
3.29556083679
24.8836810589
13.0897319317
16.5839788914
17.8489451408
11.9069859982
14.6678900719
9.80599403381
15.8258562088
14.9684069157
7.6358859539
23.7819309235
13.5300309658
13.9715759754
17.571297884
16.8663499355
16.1628260612
18.7989251614
10.5616698265
13.7575409412
1.74646902084
24.3046729565
11.3899228573
14.6605789661
17.3431799412
15.7004311085
21.3224549294
12.1348729134
16.9999341965
9.06300902367
4.25713610649
25.6283380985
18.2033219337
16.5475370884
14.248155117
13.3911499977
13.0428271294
15.474916935
12.6168270111
11.8095340729
6.11068820953
16.5263781548
13.0124440193
13.9835350513
15.3790409565
16.8747029305
16.7105140686
16.3111011982
18.2263660431
13.0410261154
5.91587686539
17.0596470833
14.4121179581
14.5395522118
19.2311840057
14.4335238934
13.1177699566
16.731292963
18.613599062
13.1298010349
5.80445790291
20.461163044
20.7311959267
15.6742620468
13.7945480347
12.3112149239
25.6960189342
13.3085319996
13.9728279114
8.73906517029
3.33314704895
26.7785301208
16.3456571102
16.5897498131
12.3103208542
16.0471279621
11.994946003
21.0242629051
13.3209810257
9.00352096558
3.39054894447
25.4128811359
18.5668478012
13.0122051239
17.2388749123
11.3173110485
21.3125591278
12.1207239628
12.3521430492
10.9472639561
4.16940593719
21.960960865
12.0317521095
15.682806015
17.0078561306
15.9219479561
25.0339319706
12.9947998524
12.6073191166
9.21631789207
4.63711595535
19.4321491718
18.3757779598
14.2153530121
17.8196179867
12.1196608543
13.4283440113
21.3256440163
11.9534139633
6.42049002647
2.38536000252
19.5349719524
17.0538561344
13.575979948
16.817414999
14.0389618874
25.6570000648
10.8614869118
12.2625467777
10.7672379017
6.40340089798
17.0242669582
15.4468619823
15.7461490631
20.2073018551
14.8678338528
22.8584880829
9.70239400864
17.6928598881
9.43817281723
4.61370491982
27.1338181496
19.3922541142
16.7453608513
16.1351201534
14.3290669918
13.8329269886
16.2422719002
14.9515528679
6.57353496552
2.10724306107
24.8728308678
13.0237729549
13.6594741344
16.0267310143
18.4246060848
17.0894658566
14.1210930347
13.1413900852
9.88776087761
7.04149007797
18.4634959698
12.8053340912
14.5315589905
19.9728839397
16.0046207905
19.9814469814
11.9033131599
12.6079950333
11.1671080589
10.1620340347
19.6654260159
16.5311980247
16.3157200813
15.4424698353
12.8364579678
25.3073720932
16.3666448593
13.6734318733
8.9714319706
0.351238965988
26.9178779125
13.6730630398
15.9554400444
10.6696081161
16.8226819038
12.764947176
13.0235579014
15.7243311405
12.2838909626
9.58923602104
12.2968010902
15.818516016
19.3661899567
16.7594571114
17.0440649986
14.5474951267
14.3062798977
15.4830899239
12.2881479263
10.5551879406
12.3680698872
19.2307319641
17.5763690472
16.729847908
20.3254039288
21.9637811184
17.4666290283
15.7011139393
6.0163500309
2.08490395546
28.4886980057
18.2267751694
19.6660780907
12.5161471367
15.0025229454
11.9475700855
18.6379709244
11.1320619583
9.75218009949
1.98492002487
27.8636250496
18.3700678349
16.7949271202
17.2495551109
12.6975400448
17.8659601212
14.1888279915
11.4930071831
10.2739229202
0.464980840683
27.0475389957
15.3770821095
15.8040089607
16.0215239525
11.8203709126
12.7886891365
9.94835591316
12.3876271248
14.0664739609
12.1827878952
9.9554541111
12.9309799671
21.6998200417
12.4408228397
15.9187891483
12.5252611637
26.2860791683
16.3148970604
11.3991949558
11.9285099506
11.1466419697
14.844632864
19.126333952
13.722921133
11.1105179787
14.3493440151
21.05590415
20.2050199509
12.1427900791
11.5377449989
26.7065999508
14.9884359837
10.9289689064
12.2918431759
14.7728838921
13.6116089821
18.1400051117
11.8763020039
12.0481641293
12.3641450405
9.28850197792
13.7854959965
23.2810688019
12.9220528603
12.2063951492
17.6504859924
21.9370219707
13.3909051418
13.9278838634
12.8863759041
18.1872868538
13.0608561039
14.702452898
16.3310930729
14.5065970421
12.3960659504
12.4923689365
19.3454060555
14.0950469971
12.6987991333
