3.30963516235
2.32415604591
3.84415411949
2.48936986923
3.00933790207
2.86712789536
2.54912400246
2.51865696907
1.90889120102
4.29818797112
1.61534500122
2.57515096664
2.7431268692
3.08400893211
2.95146179199
2.81034803391
2.98343992233
3.57514190674
2.24836993217
3.26447892189
2.65388393402
1.71426105499
2.75922894478
3.90072202682
3.02041697502
3.01988315582
2.67198610306
3.31720900536
2.69043803215
0.416579008102
3.10215997696
2.710283041
2.70152807236
2.6483399868
4.08605003357
4.52991700172
3.75547790527
3.71085906029
1.79774308205
2.41178894043
3.47870206833
4.92743015289
2.93785095215
3.1441860199
3.08987903595
2.29900479317
3.94583106041
1.79608297348
3.85217189789
3.13858413696
2.88122415543
2.69295597076
4.09139108658
3.59568500519
2.19661593437
4.70837593079
1.53093886375
3.81422710419
3.16467404366
4.82127189636
2.85801792145
3.31063485146
2.55507206917
2.44286298752
2.10976409912
2.81905698776
1.36354804039
3.61491107941
3.58099985123
3.81885695457
4.45562505722
2.07406282425
2.8292529583
3.19117188454
2.41462087631
2.87828302383
3.53964996338
2.43828201294
3.26840996742
2.8354640007
2.83121991158
4.46178007126
3.88205289841
2.53145194054
1.50506997108
4.37680196762
3.24200797081
2.50041007996
3.66821908951
4.22977614403
2.95157289505
3.22096204758
1.51195788383
4.31945204735
5.59134697914
2.87992691994
3.03020596504
2.44931101799
1.84440016747
3.53038287163
2.18804121017
3.17242503166
4.3503780365
4.11884498596
2.64509296417
3.1199669838
2.56647801399
2.26485204697
3.85717010498
2.46298909187
3.60214281082
2.9867169857
1.29496407509
3.42022395134
3.45702290535
4.12828803062
4.43239402771
1.93250012398
4.26746296883
3.65508103371
3.4179019928
2.86716794968
4.40100193024
2.10496401787
2.32255792618
4.33050298691
3.99483990669
2.61508202553
2.20521688461
3.99274897575
3.59552502632
3.3723731041
3.11985611916
4.15456295013
3.38128185272
2.33671593666
4.59810709953
2.2299990654
2.45564293861
3.88173103333
4.52391409874
2.27512407303
4.00368785858
4.08974695206
2.81807208061
5.86970281601
2.93425703049
1.08509802818
4.38827109337
5.42641806602
4.22969007492
3.93978404999
1.11921191216
3.2937169075
5.46271300316
1.51739096642
1.61854481697
3.42001509666
2.49764299393
2.61278796196
1.76981902122
5.11213707924
3.86162114143
2.44465303421
3.8098359108
2.82583189011
1.58215808868
2.74891877174
5.29844284058
2.86796092987
3.47793006897
3.67223596573
3.95245194435
3.70389699936
2.91919493675
3.8503370285
3.53638100624
3.61275601387
2.90335702896
4.29031300545
2.32722806931
2.4785990715
4.21427989006
3.4579668045
2.23237514496
4.70321893692
4.30291986465
2.28090310097
3.92491602898
4.20938396454
3.82814908028
3.39124488831
5.13178610802
2.04260206223
2.60213685036
4.01440215111
1.97856092453
1.98063802719
3.47106599808
2.38260602951
2.26665592194
4.94730997086
3.38370108604
0.369708061218
5.06507897377
4.13689494133
2.93078708649
3.93569111824
4.37818408012
2.79759478569
3.92101097107
4.70613598824
1.83086895943
1.20867204666
3.10448884964
4.32757997513
3.73312306404
3.66593408585
2.6533229351
2.47059488297
3.21828508377
3.93807888031
5.64569020271
1.64179301262
3.18836092949
4.6960709095
4.67144012451
2.17632389069
2.24208784103
4.08738994598
1.57413482666
7.70352196693
2.45619606972
2.51155304909
2.55313515663
3.22466993332
2.65913009644
2.33770990372
2.3654229641
3.15230798721
2.51915597916
4.47116017342
5.50636005402
1.28868794441
2.58825182915
2.90352892876
2.81400108337
4.58615803719
2.86417198181
4.11695218086
3.48736810684
2.92744684219
4.56345200539
3.92300200462
2.42211103439
3.45320892334
3.20831680298
3.18381285667
2.7210381031
4.26715493202
4.54598689079
4.32794809341
3.09497594833
3.98984313011
4.32256007195
3.48987197876
2.86398911476
3.1586561203
2.56565093994
2.49585604668
6.99815988541
4.41482901573
2.3901309967
2.99850010872
2.95858311653
2.59761691093
2.12869882584
2.69552016258
3.18429708481
3.64725399017
4.54542684555
1.87815690041
3.80303692818
3.67937588692
3.96839904785
3.21503996849
1.91211509705
2.81603193283
3.40468502045
2.4505879879
0.409409046173
3.94789195061
3.51173400879
3.57000017166
4.08607196808
4.09787607193
5.21486401558
3.65343403816
3.69820213318
4.21480798721
4.32095098495
4.07979083061
2.73572087288
4.58692216873
3.52140593529
3.16139698029
1.81964898109
6.06847310066
4.39435887337
3.08087706566
3.43006205559
2.08917093277
3.58710694313
4.28552603722
2.94006705284
2.31377506256
2.66752481461
2.04149389267
1.88888502121
3.56209206581
3.70800709724
3.64511108398
3.51848697662
3.39845204353
3.48640990257
4.9572250843
3.66704893112
3.94314098358
2.11968779564
2.21368408203
2.76903796196
5.35965299606
3.25281500816
2.74017691612
4.19964003563
5.8842010498
4.0597319603
2.15670514107
4.22460699081
4.51345086098
3.46263194084
3.78220415115
4.17049789429
4.062926054
2.32986593246
4.16559410095
1.59603595734
2.76468110085
3.4799849987
4.73576211929
6.10432386398
3.33513188362
1.43846893311
5.42460107803
4.5579521656
4.45656204224
3.26364803314
3.11720895767
3.69401717186
2.89773607254
3.59187698364
1.8358540535
2.12622094154
2.86221694946
3.75099682808
3.41813802719
3.56738400459
2.73850679398
3.51560807228
2.21609902382
3.77330303192
4.21963310242
3.15567612648
2.15698003769
3.98745107651
3.32561683655
2.33884000778
4.44185709953
2.75023198128
1.84306406975
3.37579607964
4.01957798004
3.66459488869
2.57783317566
5.87790203094
1.73534584045
4.71642494202
4.38808107376
2.38089990616
2.5391099453
4.10892486572
1.82648181915
2.33585500717
2.65986800194
4.26841688156
2.71137213707
2.4091770649
3.40874218941
4.02389597893
2.92075705528
4.65826797485
2.86972594261
2.26543092728
2.95276904106
3.75175189972
4.92772388458
3.42695498466
3.55223298073
2.81052207947
3.2675011158
3.05758500099
2.46891713142
2.64296603203
3.23684000969
2.99137783051
2.09438109398
3.87941002846
4.04670000076
2.93990206718
2.28757286072
4.15087509155
5.17159819603
4.49821090698
3.48736715317
4.81030702591
3.94111180305
3.92028903961
5.85394001007
3.26251411438
3.42040205002
2.59849882126
1.74842309952
5.19109296799
3.90805101395
3.4046690464
4.98941087723
5.4992878437
3.96611499786
3.39056301117
2.4129140377
1.97770285606
3.86525201797
2.02593588829
6.37126803398
4.16723108292
3.05095386505
5.17643594742
3.37310218811
2.17060184479
4.33490085602
2.25744795799
3.11412501335
3.88025593758
3.22604298592
4.04285001755
4.08395695686
3.55754208565
4.01197290421
4.89818716049
2.07210588455
7.18719577789
3.17629599571
3.74120402336
2.73403787613
2.67610096931
2.74284219742
3.69172787666
3.14277696609
2.40936207771
2.26346802711
5.01568889618
3.12765693665
3.16535806656
3.96295189857
2.7217669487
3.82762002945
3.74806404114
3.32410097122
2.50820398331
2.31215715408
2.24196100235
5.91437602043
3.63386893272
2.82534003258
2.49871301651
5.88922691345
4.26475286484
4.76821494102
1.46491098404
1.38492107391
2.34886980057
6.48566794395
4.39766812325
2.7070710659
3.13953995705
4.1337621212
3.30984306335
3.66459178925
2.31219601631
2.42762804031
6.10349392891
2.20874190331
3.40744686127
3.50357103348
3.83090686798
2.53754782677
4.40408706665
4.19064998627
2.1668548584
1.55435395241
5.74394702911
3.60045289993
4.08535695076
3.59835386276
2.66002488136
3.63340997696
1.85539317131
3.4053030014
3.82253098488
1.47706198692
2.61563801765
4.46546792984
3.40440702438
5.90893507004
3.45368289948
2.1716029644
4.85908102989
4.03151893616
1.96912884712
3.33546209335
3.7234389782
4.85232186317
4.00378608704
3.44200396538
4.0980091095
4.75800514221
3.62649297714
1.75172901154
3.38884687424
2.88459897041
3.71591997147
3.11171603203
5.31992387772
4.3993139267
4.3465590477
3.10481190681
2.3675339222
2.26257610321
3.60477995872
2.11044406891
5.23239302635
2.80211305618
5.23152422905
5.02396512032
3.82676005363
4.59988307953
1.73204302788
1.50320005417
3.19733214378
4.16794395447
2.56134104729
2.85438203812
3.5921318531
5.13397693634
4.41612291336
5.15368795395
2.67120909691
9.71629691124
5.36695313454
3.63924407959
2.59543204308
2.54228305817
2.97555017471
2.91686606407
1.78845000267
1.97758507729
0.82724905014
4.87875795364
3.63944911957
2.76142096519
4.84347915649
4.12553191185
4.14511203766
2.35983085632
4.33238816261
2.57427501678
0.629649877548
4.32811903954
4.52305412292
3.35896205902
4.5293970108
2.95534110069
3.84219813347
2.43558907509
3.62364912033
2.39211010933
2.19000101089
4.25280404091
5.32568907738
3.05609893799
4.00712990761
2.76908397675
2.74627399445
4.0609588623
3.89460396767
1.68706011772
2.32732605934
9.0123758316
3.26492786407
4.80170893669
3.12467193604
2.96469593048
2.65561103821
3.43661403656
1.94527983665
2.50737404823
0.835807800293
6.96671700478
2.22585582733
3.93771719933
2.83618879318
3.996778965
3.25984406471
4.88746905327
3.21937513351
2.49334096909
0.738610982895
9.41399598122
3.15277504921
2.29790687561
2.81509399414
4.36916804314
3.59017395973
2.1561729908
2.64979600906
1.60454511642
2.44059205055
9.29279899597
3.84192299843
2.99913096428
3.12497615814
2.28831195831
4.14163780212
2.00716614723
3.55373883247
2.5175511837
0.840935945511
5.77939009666
2.76931190491
3.451846838
2.541410923
3.45638418198
3.91616797447
4.45875716209
4.61509895325
2.17222094536
1.39572119713
5.43248009682
3.79426503181
3.35442519188
2.99501180649
3.99045705795
3.46849417686
2.29285287857
5.16021084785
3.59900283813
2.67690396309
2.46580481529
5.68572878838
2.40935492516
2.79574894905
2.63118100166
5.05721783638
3.54251790047
2.57104492188
5.36599302292
2.23472905159
6.0189499855
1.88621711731
4.32255506516
3.6013071537
5.15996193886
3.53990292549
2.67777609825
2.16049814224
2.45403003693
2.85027384758
7.5236749649
2.66265797615
3.79942703247
2.39479184151
6.17407798767
3.87737894058
3.27404522896
1.73969483376
2.32353281975
1.45028996468
3.09501695633
5.92457103729
4.44906497002
2.914935112
3.96793007851
3.93569493294
4.52861404419
3.17945694923
2.7603290081
0.418386936188
2.13906216621
3.19960689545
2.5422270298
4.59157085419
2.16370511055
6.06108903885
5.4292140007
4.09644198418
3.1175160408
4.32601714134
3.45483994484
3.24824309349
3.02132701874
4.15216088295
4.8172659874
5.22135782242
4.11286902428
3.32177090645
2.68203091621
6.28988599777
3.53312397003
4.58967399597
2.22562503815
3.30091094971
3.91601204872
4.82088303566
1.67813396454
2.41142392159
9.94814181328
4.00216817856
1.99971008301
5.1630821228
3.92094683647
2.46327781677
3.61795210838
2.23146295547
1.29127287865
0.424347877502
4.77103805542
4.54375505447
3.49676704407
3.42505502701
4.98193001747
2.10014605522
3.12398481369
3.3688659668
2.32435083389
3.09580302238
8.54610490799
2.5745511055
3.386095047
3.63989496231
2.64469885826
2.64582800865
2.17857098579
2.95664191246
2.98639702797
3.60941505432
9.2412340641
3.81493496895
4.33808279037
3.60015702248
3.35293698311
2.79463911057
3.66660690308
1.8438038826
2.21932411194
0.278711080551
3.59686517715
11.712269783
3.46383285522
3.16235184669
2.51191592216
3.63200116158
2.9414100647
4.22496008873
1.48526191711
0.979398012161
6.3847591877
10.0099050999
4.10056996346
4.04471111298
4.27409696579
5.10047507286
2.30998682976
1.56400108337
0.311487913132
0.25825881958
6.05322599411
2.4979391098
2.44765806198
4.45451688766
3.48691010475
3.51229310036
5.35993599892
3.30114388466
1.75008702278
2.53696608543
10.4929771423
3.65234398842
2.28081989288
2.87311410904
4.10826516151
5.30255389214
3.11428308487
1.86939811707
1.02092385292
1.1462199688
5.61344695091
4.44236302376
4.87781000137
4.53995299339
2.29092001915
4.14451694489
3.92072415352
2.17978096008
3.24356913567
0.334481954575
10.3490929604
4.34653902054
3.19884109497
3.65383601189
4.3282968998
2.69748902321
4.25558304787
2.32820010185
0.282679080963
0.365547180176
2.58312702179
10.4209430218
3.54430007935
4.70959496498
4.21813583374
3.78219103813
2.02284002304
2.29190587997
1.15656495094
1.07285904884
4.84987711906
5.00347399712
5.14485907555
3.6799120903
2.85120296478
2.9071149826
4.3073849678
3.31738686562
2.32032608986
1.60987591743
9.21197605133
3.92984199524
3.17819190025
5.0097849369
4.15832185745
3.26227211952
2.75921082497
2.99325704575
0.696717023849
0.431751966476
3.36704206467
6.78957390785
4.96385812759
3.40744805336
3.06917214394
3.15268182755
4.53321194649
4.0200240612
1.96039819717
1.08831810951
5.86424589157
4.95711612701
4.49020791054
3.82328915596
3.12150192261
4.58265686035
2.94431900978
3.02943897247
1.79476499557
3.72976398468
3.39798688889
5.18335986137
4.21784210205
3.40251207352
5.78559780121
3.94486093521
1.44987201691
4.72701597214
3.65385103226
0.390635967255
7.06019687653
1.96511888504
3.22918605804
5.18408107758
2.93766593933
3.06624412537
4.12488603592
2.09602308273
2.16988396645
4.19301199913
6.65161204338
1.55985999107
3.22021889687
4.38056111336
3.46346902847
2.37211894989
2.44915699959
4.04027199745
4.20101904869
3.97592282295
3.13724517822
10.5058150291
3.45848798752
2.18139410019
4.8461329937
3.44270396233
4.9995610714
3.6098780632
0.152441978455
0.154300928116
10.2422568798
4.64603114128
3.16622185707
3.23782396317
3.3546898365
4.52135491371
2.65037417412
2.51434898376
1.37346482277
0.685601949692
5.59980988503
9.84421992302
4.22791481018
5.05101299286
4.85624694824
2.22552609444
3.10141801834
2.73741292953
0.542120933533
0.17596912384
5.38678503036
9.64680814743
3.03413319588
2.74787116051
5.04307293892
4.47693991661
3.28515195847
4.06536102295
0.548882961273
0.196026086807
2.69773793221
10.2420520782
4.19906401634
3.28020906448
3.92280912399
2.65289092064
5.05581498146
4.15205192566
0.232319116592
0.162378787994
10.1011378765
4.64774990082
2.45694494247
5.21643090248
3.24408197403
4.1912112236
3.05483198166
2.84624791145
0.640316963196
0.238252878189
