1.85170006752
1.22698187828
0.260817050934
0.472733974457
1.57032299042
2.77785491943
1.13649106026
0.858803987503
2.15287685394
2.22654795647
1.97596311569
1.86260700226
3.9692530632
0.624261140823
0.81676697731
1.52103900909
0.870465993881
1.04291200638
0.806780815125
1.18536615372
4.26643300056
0.470938920975
1.86075997353
1.76916003227
0.728470087051
1.09873700142
0.899478197098
1.53152608871
0.685194969177
1.27112293243
1.63340997696
1.25316786766
0.234807014465
0.517681121826
4.13322210312
1.05638194084
0.808608055115
2.26300096512
2.23980093002
1.31649780273
1.9338760376
1.75034713745
3.94535517693
0.965106010437
0.586470127106
1.52841305733
0.292482852936
0.598308086395
2.00090503693
2.00072312355
1.74278402328
1.36180710793
2.03509187698
1.56419086456
1.13499498367
2.50552201271
0.761640071869
1.59966087341
0.601922035217
2.63723611832
1.70532488823
1.26817011833
0.54763507843
1.62469482422
3.14516496658
2.67079091072
0.953219890594
2.07798218727
1.1964828968
1.23849987984
1.76242899895
1.28914403915
0.588054180145
3.84581708908
1.52013587952
0.846572875977
1.79127883911
2.1422688961
1.77114200592
1.01143193245
1.62015080452
3.50239014626
0.625732898712
1.25296616554
0.35181593895
2.79518818855
2.17604780197
2.10869002342
1.08484601974
1.88491892815
1.79480004311
1.25709319115
0.96568608284
1.80191898346
3.20031881332
1.20435404778
2.86999702454
1.14627790451
1.93105101585
1.26754307747
2.28493309021
2.98174500465
1.34331893921
0.522067070007
2.49420905113
1.5495698452
1.38713788986
1.51342201233
1.29685807228
2.41504883766
1.63451194763
1.29432821274
1.16577100754
2.18866896629
2.24198293686
0.75229382515
2.58351206779
1.95166707039
1.44589591026
2.54315090179
4.74878096581
1.20621609688
0.173897027969
0.453279972076
2.7781791687
1.64079594612
1.60957407951
2.61706209183
1.07359194756
1.33154582977
2.11673092842
2.18184804916
1.77562904358
2.32536816597
2.28148007393
0.605888128281
3.25248098373
1.33339595795
1.09056186676
1.50713801384
1.72139501572
1.34784817696
0.430619001389
1.59699392319
0.665292978287
4.13140010834
2.33254909515
3.27897405624
2.15613889694
1.15540409088
1.94459581375
1.60653686523
2.61709499359
2.70926713943
0.776174068451
1.99371814728
1.78304314613
2.86434602737
0.934940099716
1.54788899422
1.76159906387
4.16918611526
1.27355194092
0.46057009697
2.19005012512
2.72975516319
2.23627305031
1.43579912186
1.88049197197
1.39379501343
3.2860929966
2.83503103256
1.12521100044
0.663254022598
0.939707040787
2.15862202644
2.33926105499
1.15174198151
1.31055688858
2.57470703125
1.93955087662
2.0029900074
4.18744802475
3.59476900101
2.11040306091
0.947433948517
1.08745002747
1.71105694771
0.954650878906
0.551565170288
2.1077709198
2.27796983719
4.13525700569
1.11821603775
2.17849898338
2.48993396759
1.36475276947
1.12065505981
1.61692214012
0.643127918243
3.71457791328
2.57396483421
1.4106221199
3.58641409874
1.91383910179
0.851052999496
0.986769914627
1.69009709358
0.823547124863
1.01595878601
2.03610897064
1.87071990967
2.351334095
2.51880097389
1.31169104576
3.33305501938
2.55769014359
1.31398892403
1.54194307327
0.435334920883
3.70119190216
3.45723009109
0.876679182053
1.15614104271
3.26306509972
1.60868215561
1.47576379776
0.839732885361
1.49312496185
0.649590015411
2.28773999214
2.51354312897
2.35873484612
0.897469043732
2.72604203224
1.2576110363
4.03288578987
1.30410885811
1.21172904968
0.770622968674
1.87746405602
1.64464998245
2.36635518074
3.18796014786
2.52398395538
1.18480610847
0.886497974396
1.85904788971
0.933072090149
3.0055410862
1.64997887611
1.23591089249
2.07498502731
2.55059981346
2.55406999588
1.32721304893
0.598652124405
3.95845794678
2.67282819748
1.67393684387
4.08006596565
2.56689095497
1.41019701958
0.626332998276
2.07016396523
2.67513990402
1.7164068222
1.68265199661
1.77607798576
0.354030132294
1.85483312607
1.37899708748
0.675345897675
2.48436999321
2.191218853
1.72565102577
4.56696605682
2.31946206093
2.3212211132
0.273736000061
1.59571814537
4.67136001587
3.08183598518
1.90956187248
1.28338289261
2.92439103127
2.5853331089
1.01322698593
0.395195960999
0.442082881927
4.58373713493
0.638468027115
4.34178805351
3.01203012466
1.35016798973
1.33314585686
1.56121611595
0.951750040054
0.798958063126
0.734818935394
4.77537488937
1.14508795738
2.00330305099
1.66866993904
4.27871990204
1.69734120369
1.37732195854
1.62347698212
0.544873952866
0.258687019348
3.80491781235
2.74062085152
1.2902970314
2.61404895782
0.552711963654
2.03530287743
2.7631020546
1.02008605003
2.39026403427
0.244298934937
2.5621008873
2.5162820816
2.31792402267
2.89146995544
4.55562496185
1.20744204521
1.05805706978
1.66329288483
0.793838024139
0.798186063766
3.89901804924
2.64072108269
2.67171788216
2.39514803886
3.47266411781
2.14726305008
1.5229780674
0.33266711235
0.174220085144
0.309848070145
1.40356516838
3.73765397072
2.35107421875
2.52747488022
1.74399399757
1.40945911407
1.01199316978
1.26686191559
1.46232581139
3.44255304337
1.70650911331
3.82703900337
2.77281284332
1.77308607101
2.33249998093
2.58230090141
2.41507697105
1.61463594437
0.496638059616
0.929337024689
4.75808882713
1.45016312599
2.05832505226
0.730452060699
2.29954910278
2.99313592911
2.07372713089
2.59862589836
0.192816972733
0.31912112236
1.48542308807
6.4116499424
1.07748579979
0.793116092682
1.66142606735
1.20515298843
0.731297969818
2.91616892815
0.859976053238
3.13459205627
2.29643702507
2.67035913467
2.56558513641
1.27690410614
0.834313154221
1.72050595284
3.20372891426
1.227684021
2.05590009689
2.56078886986
3.91247105598
2.86074399948
1.74476289749
1.32365894318
2.90475392342
1.11450099945
1.11268997192
2.44587111473
2.42253398895
0.286903142929
1.59729909897
3.51553106308
2.34673595428
1.96845197678
2.1810529232
0.88246011734
1.60665917397
0.820908069611
3.38283586502
4.41062283516
0.865065097809
2.4133541584
3.08272314072
2.01148605347
3.27115392685
2.64854979515
0.282598972321
0.233188152313
0.565186977386
4.061647892
2.90152001381
2.42056894302
2.49521899223
2.78974604607
1.15294003487
1.18570399284
2.61279582977
0.262703895569
0.428611040115
4.52025914192
0.832854986191
3.96082401276
2.74543309212
1.14865589142
1.53490185738
2.24777197838
1.52649998665
1.12255311012
0.294414997101
1.86134982109
1.31513690948
1.24692893028
2.86063289642
2.82750988007
1.99475502968
1.76444411278
1.56550502777
1.64647698402
3.78334784508
1.61113905907
1.84819412231
2.49869203568
2.32998895645
1.61877202988
3.09988903999
3.33810591698
2.74906301498
0.949990034103
0.329074144363
4.37341403961
3.20624113083
3.11042380333
2.95668697357
1.65887904167
1.49395990372
1.48630189896
0.392464160919
0.683439970016
0.658925056458
1.87755012512
6.18686509132
1.28893303871
1.17066693306
4.23243999481
1.83873200417
1.3594660759
1.83079409599
0.918113946915
0.513060092926
4.66990590096
1.73473501205
2.78819799423
2.01307606697
2.29528903961
0.974785089493
1.60463285446
3.04162693024
0.289393186569
0.728274106979
4.6048681736
0.975726127625
2.27129602432
3.36275196075
0.871500015259
1.49920916557
1.39323592186
2.27339220047
2.38732814789
0.571313858032
4.38770294189
1.32115697861
2.59382104874
1.13651990891
2.53276896477
1.44883584976
0.94771194458
1.77041506767
4.00081706047
0.221110105515
1.73557901382
3.70791316032
2.24225616455
1.11833715439
2.34226989746
0.569356918335
3.94940185547
1.59565210342
4.093116045
0.275877952576
1.93062090874
1.66834306717
3.4161260128
2.63093900681
1.90103888512
1.75120401382
1.96137499809
1.17699790001
4.1040699482
0.39563202858
2.21085596085
2.73974084854
2.33594894409
1.27008008957
1.46314406395
3.80504798889
1.09816598892
1.61154699326
4.28999710083
0.294821023941
1.85138487816
3.96262001991
1.13776993752
2.30196499825
0.761705160141
1.66839694977
2.00945615768
3.46307110786
4.26908612251
0.2923412323
1.74203395844
1.31441116333
0.881031990051
2.82624316216
1.15816998482
3.84483408928
4.73711490631
4.14604902267
0.305342912674
0.303123950958
4.75914406776
2.80936002731
1.16761803627
1.09775114059
2.45825791359
3.90274190903
0.906384944916
3.32612586021
0.679533004761
0.158643007278
4.063975811
0.688547134399
1.84826016426
0.715778112411
3.74969506264
2.99244999886
1.31114697456
1.00197911263
3.35393214226
1.06670308113
4.02613592148
0.557549953461
1.21755313873
2.15480709076
0.631888151169
2.32600402832
3.91434311867
1.26192307472
3.98049592972
0.818963050842
4.60281586647
0.648964881897
2.38745808601
3.81293201447
3.87050795555
1.77489686012
2.36764097214
0.683480978012
0.593127012253
0.285746097565
3.96998810768
3.02118492126
2.25617790222
2.81711792946
3.04588198662
1.87131500244
3.65002703667
0.409877061844
0.362497091293
0.243656158447
4.01505899429
2.67469406128
2.41401791573
2.4882581234
2.42487120628
1.87536501884
0.993734836578
3.903455019
0.521533966064
0.0958251953125
4.4672460556
2.61422681808
1.08746910095
1.49469900131
5.22687387466
1.40294098854
3.92136192322
0.388912916183
0.403476953506
0.283770084381
2.01628303528
1.76559400558
4.21693491936
3.25317192078
2.02795004845
1.35855507851
2.41637396812
4.12457609177
0.180103063583
0.308343887329
4.89552617073
1.40502691269
2.67320179939
2.11542582512
3.87799692154
2.31832003593
3.26343417168
0.412894010544
0.215340852737
0.143714189529
4.66298913956
2.97205305099
3.86315703392
3.09500098228
2.27630400658
2.06034898758
0.664465904236
0.422480106354
1.27951598167
0.218512058258
3.44948792458
2.29259395599
2.42451095581
0.832715988159
2.39218592644
4.62785005569
3.32424712181
0.483192920685
1.03966903687
0.306817054749
3.46626996994
2.18244600296
2.34981799126
1.71424102783
4.37460112572
1.21149516106
1.46506118774
3.2585670948
1.01850414276
0.320048093796
2.08568286896
3.18198394775
3.68789696693
0.846400022507
2.44583797455
3.65389108658
1.10515594482
4.20635509491
0.26652097702
0.34876704216
