4.84385704994
3.12798905373
7.64934706688
7.75510215759
4.95377206802
10.0538880825
9.11440515518
6.32984995842
6.76450705528
7.30165410042
5.59759712219
4.05841088295
7.39240813255
7.93906497955
8.66566300392
7.4507291317
6.8334980011
6.99952983856
6.40874695778
7.12701106071
6.50238180161
5.38407301903
9.45121002197
4.14697813988
7.46310305595
9.37444090843
6.63211011887
8.09476399422
7.32726192474
6.84490084648
5.60070896149
6.38546299934
7.61217308044
5.3423769474
6.5748398304
8.88871479034
6.77836894989
8.30990815163
5.92611694336
8.44658994675
5.1524310112
3.12472105026
6.73562097549
10.2121829987
6.6804831028
7.52321696281
8.81358981133
10.393558979
6.94262599945
6.5641541481
4.58109998703
4.47475600243
8.49780297279
7.28119397163
8.31186199188
8.67135000229
7.90974807739
6.72954201698
6.86973595619
8.57993388176
5.11749482155
4.0281329155
6.68080186844
8.34668111801
7.1811978817
7.2532389164
8.90784788132
8.36177682877
6.31888389587
9.76571011543
5.34974384308
7.52758312225
7.24025797844
6.65923595428
6.54413604736
7.33718705177
7.06672096252
9.56573295593
5.81174111366
6.129570961
6.5203230381
7.08964300156
7.16347384453
2.64682412148
8.36853504181
7.43702197075
7.70132184029
10.0096030235
7.6765999794
6.91620182991
9.65008997917
7.76819705963
6.28178191185
4.31730103493
7.11625599861
6.12331390381
7.3540790081
6.47291183472
6.68570804596
10.4520220757
4.50259304047
3.95983099937
8.47929406166
8.36934900284
7.36132192612
11.4272830486
7.19241595268
9.27259683609
5.81740903854
6.72197389603
5.71894598007
7.52416706085
7.38375687599
6.98044800758
10.2841880322
7.02981877327
6.77374696732
8.78892803192
6.09880805016
6.93955802917
4.74851989746
3.10712409019
7.41380691528
9.68140697479
6.84558200836
7.83329486847
8.7148039341
7.09590792656
6.40981602669
11.2326419353
4.8970849514
4.61969304085
8.87466096878
7.81168699265
6.05852198601
8.38136982918
7.10231280327
7.45470118523
11.2657818794
7.75516891479
5.93025183678
7.8625729084
8.90920591354
6.24131894112
7.30461597443
5.88907790184
7.23070192337
8.30236101151
5.86783599854
8.741948843
5.85787510872
3.4683380127
6.04101991653
7.41447710991
10.3125369549
7.79382514954
8.34754705429
6.49837899208
13.0232319832
7.31512999535
8.95113706589
7.10257220268
7.01836299896
7.41605806351
7.52480196953
7.53029489517
8.78374195099
6.92984509468
6.37688589096
7.11001110077
6.66996312141
6.92082500458
7.7956199646
7.00505304337
6.45790100098
6.27749896049
7.59572005272
8.97598600388
7.06049585342
7.2206890583
7.33265089989
7.41460394859
8.24598884583
4.57236194611
7.96939396858
8.59119915962
6.16489505768
8.3472058773
6.01147508621
7.38093209267
6.56528401375
4.91627216339
6.7726290226
10.7963008881
8.17065405846
9.90735912323
7.70097899437
8.33912706375
5.96384596825
7.62487792969
5.34664797783
6.55011200905
9.51835298538
4.06725287437
6.68909597397
6.3455247879
8.93416905403
8.94617605209
8.25938010216
8.03049898148
5.59173417091
7.76995801926
7.76171302795
6.92254114151
4.91559195518
7.67609286308
8.55195498466
8.27762198448
11.9038097858
8.74111199379
5.69616794586
7.61566400528
8.35028100014
5.79211688042
8.68636012077
6.61656093597
7.47299599648
9.32547211647
7.10856103897
8.34417891502
4.6483669281
11.0114240646
7.96530485153
5.37561917305
6.94582009315
6.38388609886
6.17510294914
8.28555703163
10.767329216
6.2816491127
5.49232888222
7.9925661087
6.63697814941
8.72881817818
8.31087112427
6.78217720985
7.73782110214
7.33033013344
11.7773230076
4.71235108376
6.21008586884
7.61830615997
7.54138684273
8.30682706833
7.79326891899
7.60710811615
8.78487706184
8.009734869
7.60690116882
7.64332008362
5.3243689537
9.25493407249
9.25756692886
11.1331789494
4.97044610977
8.04195022583
6.88842892647
7.18153595924
7.31982493401
6.31000709534
7.93735909462
7.40390110016
7.76765394211
7.45083189011
7.08688402176
7.81966280937
6.38731503487
7.59366488457
7.59699106216
8.46739292145
6.5491130352
8.35178995132
8.84631800652
4.85097289085
7.69112300873
6.32545590401
8.38034105301
6.51112389565
8.52389216423
8.8906981945
6.38346505165
6.43535900116
7.26915597916
5.23648500443
8.06555199623
10.5391840935
7.12664198875
7.46705508232
8.52033185959
7.41743397713
6.89930605888
6.54758691788
8.25915002823
5.50522208214
9.94369196892
6.52970290184
7.40800619125
11.5547480583
6.77912807465
7.54596614838
3.90512299538
7.73006606102
5.98870110512
14.1928520203
5.99715590477
7.20833897591
7.60008001328
8.30653595924
7.70088005066
7.19312310219
5.81515002251
7.56239891052
7.22025704384
9.01205205917
8.34353995323
9.7278380394
8.55608105659
6.74336099625
7.57614207268
7.13550519943
8.78033185005
8.97036886215
5.06376791
6.88092398643
7.63504600525
8.79563808441
6.8626909256
10.5160698891
5.81567502022
7.72725105286
6.25521111488
5.92298102379
8.71197891235
5.80481696129
9.87189602852
6.13406801224
8.24610280991
7.74350500107
7.38323712349
9.45504403114
5.2816889286
8.54179596901
6.03094601631
7.70370388031
10.365446806
7.08381605148
8.45389604568
8.53786087036
8.48190808296
7.15640211105
8.54515981674
6.41671609879
9.0302028656
8.30211901665
10.7627179623
6.05305600166
6.19732308388
6.98279809952
9.96676206589
6.53891611099
8.97454810143
7.20636677742
9.94873404503
7.2618598938
6.67567610741
7.86060404778
7.31852602959
7.18346190453
7.26246213913
7.59212684631
7.82937598228
7.23160099983
8.05124688148
6.56244921684
7.38609695435
6.55730295181
8.87139010429
7.1771569252
8.64771413803
7.05216097832
5.96420407295
4.00082111359
7.03393101692
11.5262989998
8.95057606697
10.8504829407
6.85462594032
10.0128240585
8.42799901962
7.00178599358
4.93746304512
12.169148922
8.26784181595
7.99055194855
7.03750109673
6.56196498871
9.68824100494
7.3948738575
8.3625099659
6.76599192619
4.5057849884
4.92598295212
9.01513004303
6.82179188728
10.5019748211
11.6512129307
7.18210792542
11.4918298721
6.62464094162
6.92648696899
7.4840490818
7.43300509453
9.7403421402
7.46151590347
6.18699812889
7.02234101295
8.26876091957
7.1136341095
6.93685793877
9.6825978756
6.53647589684
8.15287899971
11.2130029202
7.59773492813
6.99621200562
10.041260004
8.49172711372
6.26578521729
8.52778792381
5.06196713448
4.72684502602
5.24199795723
8.90088105202
4.85730886459
6.62641596794
11.2261450291
8.14881086349
11.5946600437
7.01548409462
9.95338892937
10.588406086
6.79529094696
8.33050203323
8.69273591042
6.68132185936
10.3259940147
9.19006514549
5.9692761898
7.11793112755
6.92450404167
8.05862092972
7.82633113861
8.22070407867
9.10801315308
6.55902004242
6.90391278267
6.43427681923
13.6950910091
7.16113209724
5.94943499565
8.0391960144
8.28255915642
8.12553405762
6.42871689796
7.33645486832
7.80701899529
8.05623984337
7.13756108284
9.9263279438
8.04841113091
4.85535693169
8.00104188919
10.0128769875
8.73167300224
6.41763687134
6.05935811996
6.50680208206
12.2251608372
8.6865708828
6.29328107834
9.32261514664
8.90985417366
5.92108488083
9.61692905426
6.96456813812
8.51608896255
7.97198295593
6.22329497337
6.99975919724
7.46112203598
4.98908615112
7.75979089737
8.28794407845
8.62501597404
9.56214189529
9.60707092285
8.60469698906
6.72285604477
7.37483096123
7.6183450222
8.25749397278
8.59823203087
9.8275449276
8.03622698784
7.12319493294
8.96945309639
7.40252995491
6.12532186508
7.67667579651
5.42897987366
8.32046914101
8.37890291214
6.21231389046
6.25741791725
5.15823316574
8.14570403099
8.14209103584
9.30785107613
8.56146907806
5.5034070015
11.4912829399
7.56229496002
7.61518406868
8.73564696312
7.00489711761
6.71910095215
8.55467796326
7.02142596245
8.29008507729
5.87103891373
8.12522602081
7.64259195328
9.07019901276
7.87356901169
9.683852911
7.00119996071
7.34422087669
8.88283276558
8.04845499992
6.95524382591
5.63858103752
6.12688302994
10.5585489273
9.21619796753
7.03207802773
8.83545303345
8.6631231308
7.17781305313
7.7477118969
7.51604819298
5.3271279335
6.92421102524
8.07386898994
8.01484799385
7.05877590179
9.33797311783
9.43143606186
7.61062812805
8.19826698303
7.88135194778
5.5881319046
10.4526200294
5.67363190651
7.95089411736
7.02556800842
6.81177783012
7.21028900146
6.0446460247
11.7347409725
7.43739891052
6.13591217995
8.79103398323
8.98610210419
8.13592791557
7.04502296448
9.88785290718
9.14089918137
8.66964697838
6.96400713921
8.27719283104
13.8426148891
9.29270005226
7.03027701378
5.55074310303
6.31654000282
6.8516459465
8.89430785179
7.72653508186
7.2513859272
6.36521816254
10.0998589993
8.4970459938
10.1171500683
6.98101902008
6.76141190529
6.78679895401
8.45044517517
7.15456104279
8.67078900337
5.77474999428
3.83363103867
8.22605705261
6.91232609749
12.465968132
8.38523483276
10.528208971
7.76603198051
6.65046787262
7.96593093872
6.85367679596
8.34099793434
8.31242108345
5.52074289322
7.50246596336
11.0987231731
6.23295998573
6.97656702995
7.2671790123
9.35137605667
8.41957592964
8.03268194199
7.47609114647
6.55406403542
8.47350597382
6.9180188179
7.48950886726
9.70477795601
9.16347503662
6.84328007698
7.70190000534
7.63300395012
7.77355599403
7.24833607674
5.42610001564
8.15726304054
6.70621204376
8.38195490837
12.382199049
7.52647018433
7.95597600937
11.916383028
9.34933900833
5.176019907
6.6629281044
9.12456011772
6.47334909439
7.24235796928
5.84066796303
11.2107179165
8.46787190437
9.63644504547
8.70470690727
7.40198016167
6.6951379776
6.51496100426
9.01260781288
8.32155919075
9.24898195267
8.42659902573
5.26547598839
5.36357307434
3.67326211929
6.44995999336
8.91515803337
10.0362029076
7.71165990829
9.04417610168
10.1311149597
11.1783730984
8.35021996498
9.04593586922
8.12120604515
12.3602209091
6.16889190674
6.98345303535
9.36315584183
9.83286309242
5.8560590744
6.75050401688
4.99137401581
7.31150889397
8.63859891891
10.0693979263
7.87356901169
7.14270114899
7.25327515602
8.70825314522
11.4074699879
6.56549286842
5.72112703323
7.23786115646
8.90976285934
5.93572902679
8.00805997849
6.99782896042
8.63511586189
9.6970000267
7.78371596336
6.83459401131
9.37829899788
12.1148529053
9.61571002007
5.06929588318
8.50029587746
11.4298350811
8.70763707161
5.98998379707
6.94804000854
8.14689993858
6.06790995598
12.1716558933
7.45550084114
11.826720953
7.0515859127
7.15630698204
9.12365603447
6.27180695534
6.68847608566
8.93393516541
5.60968184471
7.41362690926
8.84924221039
8.00260019302
7.38348817825
8.77682209015
9.69557595253
8.04118609428
9.37383699417
7.25305700302
5.84266710281
6.96067285538
5.97776889801
8.54972314835
6.22411489487
9.2623500824
7.1668741703
8.97320985794
12.9426441193
9.17103099823
6.48808097839
7.75978803635
8.01331806183
5.33332109451
6.69477200508
7.62074899673
9.50235295296
9.02769494057
8.83434605598
6.50951004028
10.0945460796
7.63043379784
7.41638088226
7.65651798248
8.8590118885
7.38264203072
8.88569808006
8.34497404099
6.97046494484
6.39339995384
10.1301939487
11.7592058182
8.0956838131
7.95012187958
8.84667110443
6.35058712959
7.49405694008
9.65067791939
6.91161394119
7.88693904877
6.89637804031
8.93773722649
7.68835401535
5.64730906487
10.9562139511
11.0245449543
7.57349514961
6.77535414696
6.84601902962
9.02321696281
5.57945394516
8.5146279335
8.12598609924
7.35017108917
7.43186497688
8.87962222099
8.20432806015
7.94358706474
8.55235695839
7.97628593445
5.13456487656
8.0800049305
7.26197099686
10.0086770058
8.48639082909
6.75165700912
6.58906602859
7.35207509995
10.0049550533
9.12980294228
6.97957110405
4.92207694054
7.89057397842
10.2399680614
9.06430220604
6.82999515533
10.4975161552
7.93456697464
8.95578217506
9.9416680336
4.75124883652
6.71516609192
8.24895191193
7.01125907898
8.57858395576
8.29154014587
10.8483948708
7.44512200356
8.86638593674
10.1054410934
4.71184897423
5.59804010391
5.92884278297
9.89170503616
7.03244304657
8.53937196732
8.5374519825
10.2732360363
7.15009403229
7.22583508492
10.4459300041
9.35123705864
6.71865320206
6.68527293205
5.02788805962
10.2379000187
9.30198311806
8.11477708817
7.82013607025
9.40002989769
10.3890719414
8.59471106529
10.111481905
5.44677996635
8.33836603165
10.8204231262
7.40441703796
7.61851501465
7.82886505127
9.56223797798
4.9696521759
11.7866511345
6.39786410332
11.0404958725
9.15311813354
6.12487697601
8.93104720116
5.63471913338
7.18820810318
8.05655097961
6.7886428833
9.57412219048
9.88501191139
5.1532330513
8.23797106743
6.47900509834
9.51667690277
7.93536782265
7.79450106621
8.89459586143
7.6989979744
11.3727428913
6.08094120026
6.72414016724
6.24025297165
10.8845160007
9.07509684563
6.67320489883
8.35311794281
8.11981105804
8.20096707344
11.1404209137
6.77106809616
13.5521178246
6.80574202538
6.40387892723
8.90587306023
7.3582777977
8.5259680748
6.83144521713
5.28595209122
6.17336201668
7.9690861702
8.65530896187
5.85034203529
6.97620916367
10.0074689388
8.5255150795
6.59613895416
7.31506800652
12.6800091267
6.49778604507
9.01105499268
9.26070690155
7.0951769352
7.09429502487
5.87735915184
8.45181488991
7.62145805359
7.08983302116
12.8262960911
9.84360790253
8.05176210403
6.95767402649
8.36526894569
8.9648771286
8.01986718178
6.1859369278
9.29567503929
9.70528411865
5.6044819355
12.5058529377
7.57003092766
5.08822798729
8.10840821266
10.7689208984
9.83209013939
6.19199705124
7.47325205803
6.89573097229
6.15211820602
12.3976581097
7.32064700127
11.4062449932
7.06194806099
7.57152819633
7.35336589813
6.16863298416
9.97758293152
9.1516430378
5.60421895981
8.16207289696
7.21185088158
8.50986790657
7.62614393234
7.78427791595
8.84760284424
8.78020310402
8.86658000946
9.26559901237
6.78913497925
5.91572093964
10.3120570183
7.83871507645
8.43025708199
12.0228171349
8.20167899132
6.4288880825
11.0974051952
7.42149806023
7.05515599251
7.89323711395
9.15940284729
5.96789908409
8.09431600571
11.1536400318
7.37521004677
7.69663405418
11.2382171154
6.99996495247
5.79281497002
13.4864580631
7.21760010719
4.92272090912
8.62725090981
6.52052688599
8.54022288322
10.3384439945
10.2127709389
8.30847001076
3.0872130394
8.6293399334
9.10265398026
10.6946880817
7.21778392792
6.14381480217
9.32058501244
8.62179422379
8.52142119408
9.16866993904
4.74771618843
8.22619700432
8.66607904434
5.22387194633
11.0009520054
6.77701401711
7.42286491394
8.77363109589
9.95229315758
8.15331196785
6.27200984955
9.92273902893
7.84722399712
12.7425730228
7.45454096794
6.85169887543
7.78316497803
6.04327106476
12.4871120453
6.1851940155
3.60050320625
7.0334751606
6.40868616104
8.9614880085
6.31469392776
7.04193592072
6.13425707817
7.35204100609
8.15813612938
12.3861579895
12.7936749458
5.6077568531
7.57272791862
9.82932186127
10.4674780369
6.52027511597
9.02722477913
9.77289700508
7.35504984856
9.06308794022
7.34979891777
10.8612289429
7.40432882309
13.1843500137
7.51881408691
9.20844197273
7.93191099167
8.6770169735
7.42923808098
5.65445709229
3.70792412758
6.42264318466
7.28929710388
6.41552591324
11.6516959667
10.7836639881
7.00896191597
9.28009009361
10.2867639065
8.49312710762
6.67745399475
4.38454890251
6.4666531086
6.27237200737
10.1262629032
7.97275185585
10.2820920944
10.1852941513
11.5672800541
7.89760494232
6.61848306656
11.1993620396
9.00716519356
8.87860012054
7.10952091217
8.55499505997
8.59067392349
10.2611811161
9.03909611702
8.36947417259
3.41135501862
7.51445198059
7.10263609886
8.26565480232
8.65119194984
6.43787503242
6.99954795837
9.38447093964
7.58087301254
7.8565030098
13.1117300987
5.67698407173
8.49802398682
5.73667597771
6.70048308372
8.05521297455
6.33409500122
8.88826990128
9.21816492081
12.3891789913
13.2766649723
12.6781470776
9.89148187637
6.92062401772
11.7667760849
9.11237692833
7.90597605705
6.41048908234
8.31073999405
6.98862195015
2.0128390789
7.15188288689
7.24956297874
8.66417098045
11.5195288658
11.6161949635
6.64439988136
9.73065590858
8.45923089981
10.6440758705
2.02396011353
11.9132208824
8.9114420414
6.40289998055
6.35556983948
9.3172249794
8.0150680542
12.7741529942
9.21765089035
6.83512187004
2.30355811119
7.40075492859
8.10522603989
6.5311589241
8.00300097466
8.16683006287
7.33588814735
9.53711700439
7.57085800171
7.91394805908
13.072685957
9.01039099693
8.03974294662
12.9576568604
8.96732091904
6.65994715691
7.95332598686
6.41466999054
12.2213981152
7.42970991135
3.1518599987
12.2348570824
9.00200891495
12.9758899212
7.22367811203
9.47162985802
8.08835101128
10.1805510521
8.37356901169
6.58166599274
1.10470104218
9.9032740593
8.9452559948
5.05891108513
6.37024402618
9.76287102699
6.92668795586
6.37104415894
6.31420588493
9.83814096451
13.3987061977
5.35029816628
7.49718284607
10.6477890015
10.3310859203
6.94152021408
9.63808202744
10.1594910622
12.438049078
7.11525893211
1.92449688911
10.2537238598
7.61657714844
7.37461209297
7.62041401863
10.4645171165
8.17802906036
11.9584729671
8.05049085617
6.56646084785
1.79302787781
7.85013508797
9.24722409248
10.1144771576
7.47019720078
6.83641314507
8.78581094742
11.4853200912
7.86225104332
12.8370969296
1.43133807182
9.47712087631
8.11412501335
12.4470422268
9.19278097153
10.2189469337
11.3998429775
7.82703709602
7.72960305214
4.32384204865
2.06550312042
10.1303179264
7.35927677155
6.78141593933
6.31878495216
7.04026508331
7.42126893997
7.89678311348
7.21122813225
9.50020003319
13.4061310291
6.30398392677
8.17949795723
10.5455341339
9.16577100754
8.37765288353
8.57553291321
10.9550230503
6.96176695824
12.9056501389
0.915742874146
9.47607517242
10.8447508812
9.20768094063
6.63666605949
7.56106901169
8.19639801979
11.9084260464
7.59109401703
6.8160200119
4.79017901421
12.1995141506
9.46177697182
7.3508439064
7.48433685303
10.3778140545
9.64663791656
7.75183486938
8.78853797913
9.81919121742
3.02082896233
9.72537088394
8.13815712929
9.91746807098
6.66184186935
7.13704204559
8.57019209862
11.7365469933
8.84212493896
6.63321685791
5.33985304832
13.8123171329
11.2535450459
7.71772003174
10.712364912
6.71490383148
7.03759098053
6.98804712296
8.72737002373
7.45415282249
2.79822683334
12.9243450165
7.98472094536
7.10198807716
9.79120111465
10.9699220657
10.5538470745
9.5032749176
13.7328372002
0.293547868729
0.289345026016
10.5965139866
7.92089414597
8.50457811356
7.24484682083
8.10615992546
8.91453313828
13.8415858746
8.49517607689
7.79036808014
2.44335818291
8.50087189674
8.61484098434
7.18018698692
7.40579009056
6.03536820412
7.556442976
7.49282717705
6.79143595695
8.04246306419
15.1006929874
11.293200016
9.65489315987
8.36537504196
6.39993190765
5.97450089455
6.50311899185
13.0116040707
7.51882982254
7.01898193359
5.3642539978
7.00558710098
7.94697284698
10.3880300522
8.98466181755
8.12084889412
7.59497308731
10.841835022
8.32887196541
14.7091908455
0.337733030319
9.85114789009
8.13077902794
12.1759679317
8.80108714104
7.05224609375
8.10093188286
9.7168841362
8.21256709099
6.0524828434
5.43495798111
10.5339889526
7.11396694183
6.36530184746
6.74043989182
7.39810299873
7.13285899162
8.15532684326
6.53017687798
8.81615900993
15.402369976
13.5278351307
11.3972148895
8.05877590179
10.4957888126
7.98060894012
11.9237651825
8.09483885765
7.26672387123
4.91002106667
0.326261997223
12.1960110664
8.68417811394
8.0399889946
8.11775398254
8.11018395424
9.98787403107
8.45333909988
7.49273896217
8.06034708023
4.9750649929
8.12295508385
8.61661314964
13.3580179214
7.43812084198
7.21355295181
6.89319300652
10.0529029369
6.44262886047
9.90152192116
5.8469889164
7.46708512306
7.87288498878
7.19292497635
7.19986605644
10.4289047718
7.20581293106
8.49557495117
6.91369009018
6.43569517136
15.0353770256
10.6902740002
6.64956712723
12.0798141956
7.30264210701
9.45784902573
7.48206090927
6.39490914345
11.9066958427
6.92221307755
5.62294602394
11.5967750549
7.99488782883
10.2611069679
7.96679902077
10.786260128
7.11060190201
6.15783309937
10.9376590252
8.814909935
4.86565089226
8.28132605553
6.24764299393
8.60295200348
10.3162581921
12.0879092216
7.19384813309
9.29611587524
7.46347284317
15.7968239784
0.194779872894
6.82566595078
6.73731684685
9.09298491478
7.03763699532
6.58799505234
8.33210706711
6.64377188683
9.98565292358
8.08023285866
15.0381338596
9.48084807396
8.38813996315
6.61731791496
5.62510704994
9.2267370224
6.93100500107
9.31331706047
7.13760995865
7.87389802933
15.3808479309
7.38673400879
7.10055685043
10.0857841969
9.68707489967
6.56880807877
7.89704918861
7.36167788506
13.0606079102
15.3477160931
0.194371938705
10.3994219303
7.97406792641
5.58859395981
7.58095312119
6.22382521629
6.86975812912
7.7854039669
10.0200610161
7.0112631321
15.7571630478
5.05886387825
8.47989106178
6.73108291626
7.22774791718
7.44303297997
9.10054206848
8.92590689659
6.16344881058
9.44311499596
15.8855371475
12.574005127
7.48471283913
5.75931596756
8.17552089691
8.06809401512
8.50710988045
10.0143380165
8.59783101082
15.4443318844
0.17369389534
5.58875012398
7.62773799896
6.33870100975
11.9466729164
7.83990001678
8.00197100639
9.62874794006
7.21228289604
6.93835091591
16.3217182159
11.6340777874
9.36709713936
10.4911990166
6.74981808662
10.1330211163
8.249532938
6.47049808502
8.64499592781
15.8681950569
0.261832952499
5.70033383369
10.2372860909
11.2510979176
7.6716940403
7.83969712257
8.09978079796
7.45024394989
11.644559145
16.3456361294
0.25110411644
9.08658695221
8.00919103622
14.0229790211
6.59658479691
6.89344286919
8.24534296989
7.88388204575
8.35858511925
16.011931181
0.269461870193
