0.460335016251
2.41171503067
1.72049593925
1.98751401901
1.78760695457
1.72474479675
1.91297602654
1.39999103546
2.20400595665
1.43360495567
0.840637922287
2.33931398392
1.95016503334
2.017786026
1.58903288841
1.69193983078
1.94753599167
1.65770792961
1.95854115486
1.4358921051
1.14956307411
2.18999505043
1.86072516441
2.12239193916
1.44583797455
2.07233905792
1.56886100769
1.83575701714
1.7821700573
1.64741802216
1.27633309364
2.25061297417
1.78701686859
2.19150996208
1.4357149601
2.0815911293
1.55856609344
2.00306582451
1.61480021477
1.73654603958
2.18419909477
1.90081310272
1.95103502274
1.44627714157
2.08210301399
1.54770708084
2.01418590546
1.61353206635
1.74862194061
1.86469984055
2.1788828373
2.01420712471
1.81528711319
1.51196718216
2.14897799492
1.38993811607
2.15973997116
1.46781301498
1.91366410255
2.19389009476
2.00986003876
1.80309295654
1.51234483719
2.14884090424
1.38973402977
2.16001200676
1.4675579071
1.91401004791
1.53769898415
2.24054884911
2.02933192253
1.79840898514
1.73657894135
1.91320681572
1.39920306206
2.17190790176
1.45574212074
1.92344212532
1.52873587608
2.35014009476
1.95299816132
1.79811191559
1.73588609695
1.91371798515
1.39965891838
2.17050409317
1.4557390213
1.9237279892
1.63529491425
2.26385116577
2.0344119072
1.80369210243
1.73681092262
1.91337418556
1.40023303032
2.17145109177
1.45656895638
1.92419290543
1.6162788868
2.26349210739
2.03566479683
1.80227208138
1.73603582382
1.91321015358
1.39959216118
2.17125296593
1.45609307289
1.92451405525
1.64027285576
2.23149514198
2.0400621891
1.80013298988
1.73539185524
1.91267085075
1.4000480175
2.17120409012
1.45551300049
1.93001699448
2.31020188332
2.27375483513
2.02697896957
1.80068588257
1.73629689217
1.91410207748
1.39948797226
2.17079496384
1.45610404015
1.92991018295
2.5715200901
1.68137097359
2.01155519485
1.78521108627
1.72417902946
1.91244602203
1.61920809746
1.9836359024
1.4346139431
1.92262887955
2.54111909866
1.72890496254
1.99394893646
1.78579497337
1.72282195091
1.91159296036
1.39906382561
2.20428013802
1.4330060482
1.92227005959
2.20025014877
1.70147395134
2.0075969696
1.79022598267
1.72336697578
1.91303491592
1.39870595932
2.20331788063
1.43317890167
1.92186594009
2.42651486397
1.70007896423
1.99046492577
1.78682589531
1.72393989563
1.91207098961
1.61919808388
1.9835100174
1.43306994438
1.92128491402
2.50069212914
1.69985985756
2.01120591164
1.78533601761
1.7243950367
1.91160798073
1.39868783951
2.20367908478
1.43355584145
1.92868804932
2.39769101143
1.72196412086
1.99920892715
1.7865319252
1.72475600243
1.91200113297
1.39904284477
2.20380306244
1.43468594551
1.92788982391
2.60684990883
1.69660496712
2.00947189331
1.79126095772
1.72403097153
1.91288399696
1.39956998825
2.20459914207
1.43306994438
1.92900300026
2.59912705421
1.89077019691
2.0625770092
1.59952187538
1.71569180489
1.92480802536
1.62432408333
1.98112297058
1.42215704918
2.2137761116
2.44885015488
1.88168907166
2.06785106659
1.60196208954
1.71549201012
1.9248380661
1.62293720245
1.98061585426
1.42161297798
2.21375489235
2.63709878922
1.8763320446
2.06963896751
1.60184693336
1.71514987946
1.92496609688
1.6237552166
1.98030209541
1.42160105705
2.21489500999
2.39637899399
1.87064194679
2.07510900497
1.60128188133
1.71509099007
1.92367696762
1.62407898903
1.98018193245
1.42118382454
2.21411299706
2.59397888184
1.87610602379
2.07651591301
1.60026884079
1.7143099308
1.92408800125
1.624117136
1.98105883598
1.42087697983
2.22007393837
2.62445497513
1.87586402893
2.07032799721
1.60273218155
1.71548914909
1.92402696609
1.62342691422
1.98076891899
1.42156505585
2.22152400017
2.56487798691
1.89771199226
2.07410097122
1.58886218071
1.69234800339
1.94743299484
1.65787410736
1.95845890045
1.43573594093
2.17983698845
