2.03609204292
2.3578851223
2.67092180252
3.51824808121
2.77562308311
3.47221183777
5.02031302452
2.27645492554
1.88019895554
1.54238891602
2.41986393929
2.07061195374
2.24716114998
2.97483706474
4.42206692696
2.32926106453
4.31517386436
2.18055891991
1.82795214653
1.67833590508
2.31664204597
1.50479197502
3.30667495728
2.48715591431
3.85292983055
3.9156961441
3.52939414978
2.09732794762
1.68851709366
1.85908102989
2.61670207977
2.66182613373
3.02776694298
2.06423187256
4.03096294403
3.98974204063
3.21858882904
2.04790997505
1.73409986496
1.89219498634
2.22206997871
1.97642612457
4.11182713509
2.63115406036
3.70951080322
4.32377505302
2.71913003922
2.01429605484
1.58656907082
1.9027159214
2.39600801468
2.0705010891
4.1641960144
2.55628585815
3.71485304832
4.34497213364
2.70600509644
2.01715302467
1.58653497696
1.90349292755
2.22936797142
1.96688604355
4.17478299141
2.65195894241
3.62350583076
4.3297059536
2.72094798088
2.01857209206
1.58508992195
1.90284705162
2.41349387169
2.08150887489
4.10766196251
2.72131705284
3.64394712448
4.35138106346
2.67273902893
2.01995611191
1.58537697792
1.9046869278
2.29945397377
2.66281700134
3.51833105087
2.76953816414
3.47249794006
5.10032987595
2.1989338398
1.86592006683
1.54149985313
2.01108193398
2.51254796982
2.66682291031
3.49887800217
2.79169797897
3.4452559948
5.02603888512
2.29596590996
1.8683950901
1.54278278351
2.01114416122
2.75733709335
2.69385194778
3.49997496605
2.79518198967
3.45879411697
5.1108648777
2.11688899994
1.96009302139
1.54230284691
2.01521801949
2.30714893341
2.6627600193
3.49831914902
2.78650307655
3.44490289688
5.12493181229
2.08976006508
1.98918700218
1.53999996185
2.01872014999
2.27088499069
2.66550397873
3.49818301201
2.78664684296
3.46878099442
5.18458294868
2.10270190239
1.87084794044
1.5411670208
2.015832901
2.2500269413
2.6587240696
3.51843309402
2.77211594582
3.45687794685
5.19408202171
2.10387802124
1.87562179565
1.53974699974
2.02499699593
2.5112080574
2.66674995422
3.50014781952
2.79416394234
3.46889615059
5.18900704384
2.10219407082
1.87671399117
1.54091215134
2.02064609528
2.51342582703
2.65963792801
3.51125621796
2.77745604515
3.45557117462
5.01438188553
2.29278492928
1.8752720356
1.54138803482
2.02401590347
2.64543795586
2.66061687469
3.02204012871
3.97788095474
3.46496701241
4.75073003769
2.12408399582
1.92418885231
1.69913983345
1.86728692055
2.37841391563
2.61902308464
4.04145908356
3.10627818108
3.33575296402
4.75334310532
2.14964604378
1.92176604271
1.69728803635
1.8664150238
2.59807610512
2.66925287247
3.02277898788
3.97599601746
3.46149682999
4.75543904305
2.15177297592
1.92167806625
1.69590806961
1.86698508263
2.69685912132
2.6676068306
3.02480983734
3.97638392448
3.46928405762
4.75658297539
2.12729096413
1.92757582664
1.6941280365
1.87362098694
2.63414287567
2.66974592209
3.02026796341
3.97684979439
3.46460103989
4.79358196259
2.10263705254
1.92189693451
1.69631195068
1.87365484238
2.61628890038
3.11270999908
3.90739607811
3.67453217506
4.57652902603
2.11476206779
1.92125296593
1.69852685928
1.87505507469
2.80304503441
2.66299796104
3.10689592361
3.91332793236
3.46709012985
4.76646590233
2.13531708717
1.91547012329
1.69760203362
1.88063788414
2.49555516243
2.07571387291
4.22034311295
5.24773216248
2.50501799583
4.22385406494
2.26921606064
1.83031392097
1.6786570549
1.94977593422
2.22807502747
1.96752595901
4.17192006111
5.29147815704
2.54321694374
4.28085899353
2.17750811577
1.82600498199
1.67785906792
1.9498269558
2.20873904228
2.77138090134
2.1619489193
3.77604413033
3.81751799583
4.5046749115
2.03485202789
1.66922402382
1.68197417259
1.93617391586
2.348747015
2.6624250412
3.51210403442
5.06481599808
3.82238698006
3.6784799099
1.95491194725
1.67932200432
1.85960292816
1.92219114304
2.28640198708
2.66244697571
3.49957704544
5.0794608593
3.71042895317
3.64314007759
2.09831094742
1.68811988831
1.86002588272
1.92316484451
2.3277630806
2.6630730629
3.51911306381
5.06296801567
3.72088909149
3.62321591377
2.09481811523
1.69081878662
1.85757708549
1.9231338501
2.00384902954
2.51974105835
3.4998819828
5.08416700363
3.71936798096
3.62979102135
2.09578609467
1.69046497345
1.85877013206
1.92363905907
2.77745008469
1.53715181351
4.70817804337
5.04383206367
3.75404310226
3.74022603035
1.94475793839
1.68867111206
1.85943007469
1.93088197708
2.42564415932
2.57429409027
4.14137578011
5.01691102982
4.30811882019
2.86847901344
2.06642603874
1.7335729599
1.8924100399
1.87025880814
1.47070503235
2.53421592712
4.45432686806
4.99214816093
4.01224303246
3.18387818336
2.06667399406
1.73417401314
1.89177799225
1.87029385567
2.64616298676
2.66481494904
4.1433339119
5.0813100338
3.89557719231
3.19178986549
2.07811498642
1.7344019413
1.89285802841
1.86940693855
3.08392691612
5.05902600288
2.64318203926
3.6442990303
4.3476600647
2.68785405159
2.01503109932
1.58117794991
1.90234708786
1.84605503082
5.41473007202
2.56064605713
3.73016095161
4.31951093674
2.7066590786
2.01948285103
1.5815808773
1.90102291107
1.84610795975
3.11485886574
5.11996006966
2.57941007614
3.63686299324
4.3791680336
2.66819500923
2.01564383507
1.58250212669
1.89907884598
1.84617495537
3.12218213081
5.06536388397
2.56063890457
3.71068000793
4.37078714371
2.67246699333
2.01618313789
1.58259797096
1.90013694763
4.98341202736
2.64773488045
3.62991094589
4.35811495781
2.6857149601
2.01791810989
1.58528518677
1.90210294724
1.85577392578
5.06738686562
2.55714392662
3.71928191185
4.33654904366
2.70336198807
2.01476788521
1.58386301994
1.89896607399
1.85426187515
3.1402759552
5.11774587631
2.58346700668
3.66141796112
4.30263805389
2.71855807304
2.01468014717
1.58464789391
1.90201115608
1.85858416557
5.11246085167
2.51775503159
3.72331786156
4.32854914665
2.70570015907
2.01642298698
1.58440804482
1.90130591393
1.85860109329
3.21656513214
4.98872208595
2.56097507477
3.73101902008
4.33541417122
2.68534302711
2.01648616791
1.5834980011
1.90195393562
1.86105585098
3.08074784279
5.11799287796
2.50528216362
3.72524595261
4.36146497726
2.67462396622
2.0163860321
1.58251309395
1.90081095695
1.86441206932
2.86732316017
4.78310918808
2.59961009026
4.35063505173
4.71189403534
2.24825596809
2.16365003586
1.5660879612
2.00448513031
1.96516799927
3.03835606575
4.78291106224
2.61071491241
4.05704879761
4.9033908844
2.35991597176
2.17006492615
1.56803393364
2.004956007
1.96510195732
2.06664586067
2.756731987
3.2477221489
5.63501286507
5.08897900581
2.1827609539
2.14877796173
1.56615281105
2.00383782387
1.96814990044
4.98295712471
3.50869607925
2.77188301086
3.44668602943
5.0234401226
2.29481291771
1.87287092209
1.53967499733
2.01197099686
1.94136595726
3.51999282837
2.76980805397
3.4463801384
5.20705580711
2.10271191597
1.87003111839
1.54113793373
2.02027702332
1.93942499161
4.98297691345
3.51787686348
2.77729296684
3.46896982193
5.09920907021
2.19668197632
1.87528300285
1.53857398033
2.03100609779
1.93975496292
4.94779801369
3.50888204575
2.78744792938
3.46933197975
4.99948787689
2.18154597282
1.99019908905
1.54434204102
2.01463603973
1.94934201241
3.46087598801
4.40768289566
3.90008401871
3.4587469101
4.80119013786
2.1008439064
1.92194199562
1.69703006744
1.86445212364
1.94078016281
3.5909409523
4.33357095718
3.91008901596
3.66987705231
4.54465579987
2.12603807449
1.92035198212
1.69645905495
1.86563682556
1.94046497345
4.40657901764
3.90202403069
3.67346787453
4.58130192757
2.11423492432
1.91919398308
1.69580698013
1.86715698242
1.94072413445
5.83949995041
2.99124908447
2.91617703438
3.73555803299
4.54777884483
2.13237190247
1.91182303429
1.69693398476
1.86458611488
1.9452931881
3.52178287506
4.40231704712
3.90819907188
3.45501685143
4.79961705208
2.10673809052
1.91317796707
1.69574713707
1.87256717682
1.94677996635
4.74698805809
3.02787089348
3.97547507286
3.45926594734
4.78922104836
2.12043309212
1.91273903847
1.69578719139
1.86471605301
1.94706821442
3.59141206741
4.34143996239
3.90125608444
3.67127108574
4.59038209915
2.10110092163
1.91888999939
1.69730401039
1.87147498131
1.94567513466
3.08884882927
5.06038188934
5.29352211952
2.50345087051
4.22263407707
2.27046298981
1.8276860714
1.6776227951
1.94999098778
1.88870310783
3.15001797676
5.06712388992
5.2880718708
2.50650906563
4.22451090813
2.28197407722
1.81650805473
1.67763113976
1.94932603836
1.88941693306
3.95151090622
4.21890187263
5.24360990524
2.54501700401
4.21016192436
2.24247384071
1.82563900948
1.67709183693
1.94897794724
1.88952302933
2.71356892586
4.77903199196
4.8207359314
3.81311607361
4.52930808067
2.00990509987
1.66918087006
1.68076300621
1.93540811539
1.9012658596
2.79128909111
4.78332209587
4.81886196136
3.79933595657
4.5096051693
2.03322792053
1.66879200935
1.68076515198
1.93670392036
1.90061998367
3.01611995697
4.78368496895
4.81341695786
3.80838799477
4.51247191429
2.03498983383
1.66816902161
1.68040299416
1.93608593941
1.9015378952
5.39042782784
3.25202202797
3.776293993
3.80932188034
4.61568188667
1.93006205559
1.66966199875
1.68109416962
1.93634605408
1.90193605423
3.33232092857
4.83615016937
4.82499718666
3.81259799004
4.5324151516
2.00996088982
1.66723799706
1.68101096153
1.93736386299
1.90644001961
4.97287511826
3.49842309952
5.08068799973
3.74942994118
3.5912539959
2.10759902
1.67788410187
1.85849308968
1.922508955
1.83760690689
5.93119597435
2.90661406517
5.09439611435
3.98706293106
3.19572997093
2.07701086998
1.7333920002
1.89295387268
1.86914610863
1.82172703743
5.36575102806
3.25694799423
5.80728387833
4.70216417313
2.38016009331
2.15168094635
1.56552696228
2.00382399559
1.97185206413
1.41211891174
5.39848899841
3.2484331131
5.63604998589
5.02259492874
2.2290828228
2.17131686211
1.56627011299
2.00294589996
1.96606016159
1.41453099251
3.30027103424
4.83470988274
4.82467913628
3.81283807755
4.66838884354
2.78508496284
1.56691908836
2.00532507896
1.96708583832
1.41509890556
2.91938614845
4.68252110481
4.81894993782
3.81261301041
4.60971903801
2.84644889832
1.56833004951
2.00445580482
1.96639800072
1.41466188431
5.36294198036
3.25116801262
3.78643512726
3.79909706116
4.66987895966
2.78414082527
1.56464195251
2.00270390511
1.97115802765
1.41356897354
2.33613300323
1.89637207985
4.37328505516
10.4688508511
2.36246609688
2.16494011879
1.5660970211
2.00418901443
1.96651411057
1.42123293877
2.90046405792
5.79286289215
10.5819821358
2.2670609951
2.15050697327
1.56768584251
2.00371789932
1.9651491642
1.4153110981
0.33790397644
5.38850188255
2.16740107536
7.46470212936
4.78495788574
2.78508782387
1.56602907181
2.00383400917
1.96684098244
1.4126098156
0.645971059799
