0.675182819366
1.33465194702
1.55962896347
2.70428490639
1.92259502411
1.63540101051
1.78745102882
2.21593594551
1.57714295387
1.88797903061
1.05854821205
1.67930102348
1.92308616638
2.6590681076
1.88644909859
2.48807692528
1.98811888695
1.93075418472
1.6972849369
1.63267016411
1.58038496971
1.76191186905
2.70371413231
1.92024207115
1.63813090324
1.78945398331
2.21182918549
1.57749700546
1.88622808456
1.76025795937
2.70600104332
1.92562794685
1.63379406929
1.79364585876
2.20363306999
1.57605791092
1.88434505463
1.44297099113
1.42471289635
1.76363492012
2.70040011406
1.91919708252
1.63979196548
1.78867888451
2.21434998512
1.5751349926
1.88674783707
1.44241690636
1.6247279644
1.76099586487
2.70651817322
1.92070198059
1.63965392113
1.78762483597
2.21285295486
1.57636713982
1.88473701477
1.45012187958
1.69721698761
1.76607298851
2.70427489281
1.92165708542
1.63567614555
1.79675889015
2.20011496544
1.57974100113
1.88607287407
1.44928693771
2.104845047
1.81802988052
2.70752191544
1.92083501816
1.6353969574
1.79600787163
2.20753598213
1.57686400414
1.88642501831
1.4494240284
1.3695089817
1.76215291023
2.70331597328
1.92493009567
1.63081693649
1.79186701775
2.20143580437
1.5739839077
1.88585805893
1.45150399208
1.76082420349
2.70388793945
1.91961479187
1.63766098022
1.79674983025
2.20107507706
1.57657408714
1.88637304306
1.456772089
1.6016459465
1.92542505264
2.66143417358
1.89885997772
1.55393910408
1.75717902184
2.19589304924
1.59071493149
1.91646289825
1.42384791374
2.51674079895
1.33225607872
2.70968604088
1.45604586601
1.60363197327
1.37277197838
2.15341305733
1.61135196686
1.92604804039
1.4111738205
1.77046108246
2.1353290081
1.99674701691
1.97941994667
1.69793486595
1.8388569355
2.05281686783
1.88108181953
1.6928858757
1.42400288582
2.42168092728
2.49801397324
1.8494489193
2.81826400757
0.893331050873
1.88774490356
2.14984297752
1.66868281364
1.67082214355
1.59099292755
1.67577886581
1.92270088196
1.90666699409
1.48862504959
2.53878903389
1.98791503906
1.92912817001
1.69391608238
1.63434290886
1.59140491486
2.10822796822
1.92343616486
2.66021609306
1.86794090271
2.4949259758
1.99189805984
1.92373204231
1.69504785538
1.63191699982
1.59263896942
2.14657497406
1.92176294327
2.66572380066
1.88070511818
2.48674702644
1.9938788414
1.92406606674
1.6960568428
1.63397598267
1.59236598015
2.50250697136
1.99434709549
2.66010594368
1.87193012238
2.49651408195
1.98630809784
1.92999792099
1.69739603996
1.63193416595
1.59674692154
1.91433405876
1.92474508286
2.66351103783
1.87983393669
2.48570680618
1.99481987953
1.92797112465
1.6957449913
1.63079404831
1.59867501259
2.8585319519
1.99679899216
2.65959405899
1.90531206131
2.46666288376
1.9922208786
1.92553901672
1.69367790222
1.63236403465
1.60030293465
1.53003692627
1.99217104912
2.66027092934
1.88666915894
2.47627401352
1.98728203773
1.92414784431
1.69521903992
1.63067317009
1.60022997856
1.54539299011
1.63117003441
2.65915298462
1.86902093887
2.49324679375
1.98856306076
1.92762804031
1.69755983353
1.63472795486
1.60164999962
1.78597807884
1.92182517052
2.66216802597
1.86636590958
2.49562716484
1.98673391342
1.92513298988
1.69655299187
1.63224506378
1.60029196739
1.56592392921
1.9229259491
2.65901088715
1.88760900497
2.47469997406
1.99094009399
1.92328810692
1.69579601288
1.63155317307
1.59977817535
2.31135416031
1.99514102936
2.6614408493
1.88073182106
2.48721599579
1.99165201187
1.9263510704
1.69536614418
1.63401007652
1.60144495964
2.3531498909
1.97259902954
2.66217207909
1.88897395134
2.47318506241
1.9909889698
1.92606186867
1.69782280922
1.63499903679
1.60272097588
2.06143808365
1.99891114235
1.91013407707
1.55184316635
2.43508195877
1.989331007
1.92592382431
1.69480085373
1.63323497772
1.61268210411
2.35789299011
2.60971093178
1.89347910881
1.95373797417
2.62756800652
2.35009884834
1.56553888321
1.87785577774
1.45733094215
1.95543003082
1.84054398537
2.48445796967
1.99170899391
1.91999006271
2.6796901226
2.34545683861
1.56676602364
1.87841510773
1.45716190338
1.95598602295
2.37475609779
2.50419616699
2.0024960041
1.90991902351
2.66740012169
2.36016702652
1.56676793098
1.87819719315
1.45799088478
1.95720505714
2.59356999397
2.50653910637
2.02323794365
1.9332549572
2.62257099152
2.3614320755
1.56675982475
1.87898087502
1.45817303658
1.96250891685
2.38980102539
2.5001540184
2.03239297867
1.88728499413
2.67208385468
2.34991002083
1.56653904915
1.87839388847
1.45834589005
1.9635720253
1.82545399666
2.24326896667
1.88333821297
1.96806812286
2.63458800316
2.3467438221
1.56711101532
1.8796069622
1.45783519745
1.96584892273
1.89675402641
2.59161305428
1.89088797569
1.9235470295
2.73767113686
2.27953481674
1.56539106369
1.87830090523
1.45715403557
1.96301198006
2.06835699081
1.14068603516
1.49396085739
1.53312587738
2.5954709053
2.34624409676
1.56489396095
1.87887215614
1.45823502541
1.97034192085
1.37504291534
1.76206302643
2.70422005653
2.88905405998
1.31684112549
2.17646312714
1.57878804207
1.8863401413
1.44813489914
1.94161605835
2.478703022
1.899933815
2.46762299538
1.99096179008
1.92694997787
1.69579100609
1.63382315636
1.5975189209
1.03021192551
1.1983101368
1.90694499016
2.95481801033
2.44596791267
1.88857507706
2.14244222641
1.61066293716
1.92570304871
1.41151094437
1.94207119942
2.6902859211
2.48345589638
1.89854979515
2.46702194214
1.99529695511
1.92465305328
1.69510507584
1.62978887558
1.59968400002
1.5446190834
2.60763406754
2.48371696472
1.88702201843
2.47265291214
1.99266505241
1.9287481308
1.69554018974
1.63290596008
1.59879207611
1.54389810562
2.54315900803
2.95979404449
2.44755196571
0.949704170227
2.04154396057
1.93727993965
1.70164704323
1.63774895668
1.60200381279
1.55688714981
1.99410700798
2.96065092087
2.44336390495
0.947139024734
2.04306387901
1.92970395088
1.70154595375
1.63765716553
1.60224699974
1.55740213394
1.98198103905
2.65445613861
2.44495987892
1.87563204765
2.1591360569
1.6119248867
1.92666482925
1.41158008575
1.94340419769
0.843469142914
2.65871810913
2.44176697731
1.87313508987
2.15919017792
1.6113140583
1.92712807655
1.41184687614
1.9435210228
0.844095945358
2.19955611229
2.96049499512
2.44526910782
1.88666200638
2.14471507072
1.6109290123
1.92497110367
1.41050982475
1.94148397446
0.845144033432
1.99372696877
2.95278692245
2.44450092316
1.88636612892
2.14336800575
1.61008501053
1.92590808868
1.41012191772
1.94290995598
0.850302934647
2.95102190971
2.44211411476
4.10691285133
2.00287413597
1.70148992538
1.63783097267
1.60213184357
1.55722808838
0.674827098846
