1.01644277573
0.856920957565
1.34590387344
0.733568191528
0.721968889236
0.722488880157
0.701632022858
0.767143964767
0.88868689537
1.0119740963
0.706624031067
1.68191289902
1.91338992119
1.43526315689
1.47125577927
1.88003182411
1.42375421524
1.07843899727
1.03581094742
1.56851291656
0.739586114883
1.81317996979
1.8021299839
1.42378497124
1.65989208221
1.69071698189
1.42416882515
1.06888198853
1.04566502571
1.54492497444
0.848912000656
1.88180398941
1.77996301651
1.43454217911
1.66017484665
1.87964010239
1.2442779541
1.05913305283
1.05564022064
1.54728198051
1.18861699104
2.18716216087
1.46640300751
1.48120498657
1.58962583542
1.86876296997
1.07758402824
1.05713105202
1.23415207863
1.72511696815
1.26006603241
2.19308710098
1.46634483337
1.48111701012
1.58982014656
1.86899590492
1.07763314247
1.05707216263
1.23389816284
1.72529602051
1.23319888115
2.18505907059
1.46659684181
1.48114299774
1.59017896652
1.86866688728
1.07771110535
1.05673003197
1.23418593407
1.72515487671
1.24798893929
2.19282603264
1.46655607224
1.48107099533
1.58986592293
1.86879301071
1.07705807686
1.05716300011
1.23423695564
1.72539687157
1.53816795349
2.02922201157
1.46824598312
1.47006392479
1.7915430069
1.67884302139
1.07819008827
1.04633808136
1.23424315453
1.70303797722
1.57168698311
2.03564310074
1.46842288971
1.47005605698
1.79178094864
1.67889213562
1.07823610306
1.04652905464
1.23415017128
1.70313405991
1.67712402344
2.07036590576
1.45690989494
1.47071385384
1.90207195282
1.57967996597
1.07885694504
1.03469991684
1.55878710747
1.36905908585
