3.56659913063
6.34102988243
7.68065214157
9.01627397537
11.0138158798
7.00529003143
4.75314211845
5.25849604607
6.79305386543
6.37603783607
5.5120139122
7.15954494476
5.98459196091
6.87951683998
10.7706859112
8.14540600777
6.20775604248
4.9894759655
5.43852901459
8.67202401161
4.09599900246
6.32895183563
7.63802695274
9.01676297188
11.3053247929
6.99676299095
6.34257793427
5.73837518692
7.06420207024
6.48890709877
7.45617198944
6.60848617554
8.01262283325
8.6851170063
7.77390003204
8.70368289948
3.75274300575
7.50016593933
7.13223004341
5.9832880497
4.1848449707
6.27521300316
7.5976099968
9.15009713173
10.9273269176
7.24784016609
6.53790307045
7.31403684616
9.78117704391
6.29652404785
7.47286200523
5.38925695419
6.38951706886
9.49759578705
9.80438399315
8.41008901596
3.68766117096
7.41090703011
7.66784286499
8.48761105537
4.16671085358
6.28908491135
7.58868789673
9.10570406914
10.9625020027
7.03309297562
6.79640722275
7.73891115189
7.1056330204
8.57656693459
8.70898795128
8.23062205315
9.10743188858
11.0236160755
7.1254658699
4.60035300255
5.79296112061
6.53757119179
7.04953408241
6.16603302956
4.82328820229
8.22301888466
9.09640789032
11.3965339661
9.0982940197
6.12028694153
5.27528715134
6.84083795547
7.20530796051
7.68226194382
3.71641111374
6.3488919735
7.59245800972
9.11308503151
10.9637629986
7.32805800438
6.50070214272
7.70934414864
8.65921187401
8.58329892159
5.34620594978
8.15379190445
6.71267080307
8.90801906586
10.0505239964
8.49308490753
3.97814393044
7.05586600304
7.79480290413
9.88797903061
7.3783788681
7.39192891121
6.72034978867
11.9293320179
7.12172913551
6.19531202316
5.00491285324
5.43535900116
8.01488900185
8.62886786461
7.97521805763
6.14983701706
9.79271817207
10.5196561813
8.1491959095
6.56760811806
4.90634799004
7.26357293129
6.70183682442
7.83501601219
6.19815397263
5.86131811142
8.00990390778
11.1122260094
9.36844396591
6.57546114922
4.90007615089
7.07229185104
6.97785711288
9.33987092972
8.85682797432
8.42166900635
9.35782504082
9.9402859211
5.45052814484
4.74398899078
5.03040909767
7.08726406097
6.27023696899
10.29134202
3.92683315277
6.21580815315
6.60080814362
9.30050492287
11.109760046
9.19620585442
12.3300549984
6.59686994553
5.54013586044
9.75135302544
3.51987719536
6.44209504128
7.2689909935
7.40477395058
11.0304579735
12.001210928
8.61386394501
6.68638205528
5.72682023048
9.89029097557
5.51780509949
5.21480488777
8.80651283264
8.69270801544
12.0086820126
11.5735170841
8.88958001137
5.98963284492
5.45838904381
8.5439209938
4.80400896072
8.06512999535
6.37482404709
6.7779610157
11.2588729858
11.8309130669
7.23733615875
7.1332859993
8.1370651722
8.37907505035
8.6553850174
5.94652581215
9.58363509178
10.6048901081
7.2540500164
6.40448212624
5.80057811737
7.01013493538
6.4825899601
10.0840029716
7.80600094795
4.70863294601
8.03587388992
8.39269709587
11.4549920559
10.8446228504
8.60845994949
6.43427801132
8.93258881569
5.03801512718
5.72365689278
5.21040296555
8.5554921627
7.55207204819
13.4119780064
12.2177410126
8.23790597916
7.45970106125
8.70057797432
5.27031683922
2.97872710228
6.63886618614
7.12169599533
6.48668289185
11.483702898
9.19523000717
12.327559948
8.35342407227
8.33256602287
6.79764413834
5.03805804253
7.07907986641
6.96677398682
10.6357288361
11.2891409397
9.60287714005
8.88635993004
7.34959697723
7.09717512131
6.91052484512
5.50176501274
7.91237998009
8.98521494865
8.40116000175
11.4629030228
10.9378089905
8.50753283501
6.44291305542
8.69878697395
5.30218291283
6.12922596931
6.62036681175
8.91339898109
12.2393660545
11.8481929302
8.64583301544
6.65860295296
5.69513297081
6.33335280418
5.07168388367
6.03955698013
6.77194499969
7.70044517517
9.34995484352
11.2363860607
11.0248630047
7.64468502998
5.98557305336
5.62444186211
6.89151906967
6.19984292984
6.39340400696
8.03648710251
10.4859039783
12.4817991257
11.086853981
7.07206511497
4.6007540226
7.11464309692
7.08187389374
6.14737176895
5.39145517349
9.35901808739
11.033550024
11.737169981
10.4744079113
7.5220990181
6.05331897736
7.25934791565
5.5016169548
6.17622900009
7.14811897278
8.89780688286
14.1176660061
11.5252299309
6.6018679142
6.69562506676
5.65746116638
6.10567808151
5.49799585342
6.3018219471
6.1888999939
10.0126860142
10.8668990135
9.7519800663
8.22258806229
8.44366598129
6.45573806763
7.11898112297
7.16013097763
3.52660799026
6.53657317162
9.38235783577
9.70987415314
11.1729040146
9.4194149971
9.08476305008
7.34918308258
7.11512303352
7.15896010399
7.82377195358
7.52240991592
8.54747104645
12.0839431286
12.0071210861
8.48507094383
6.64328503609
5.72577691078
6.2729780674
5.40937995911
8.21234202385
9.17814588547
9.60023999214
11.2966771126
9.60016703606
6.47911405563
6.84565520287
5.50810003281
6.10060501099
5.59738111496
6.12808990479
7.15431809425
8.89909601212
15.4346311092
10.3108770847
8.66160607338
6.37476587296
8.19831609726
5.41323590279
2.65726113319
2.94842505455
8.01317691803
9.36336493492
14.1809170246
9.36901092529
12.3292272091
6.44565200806
5.67277097702
9.90730285645
2.54307079315
7.79668688774
4.79388809204
10.5521950722
12.105907917
9.36151409149
12.2537488937
8.22441411018
8.29432797432
5.30308508873
2.65806794167
7.87201809883
7.48308491707
7.45553302765
11.0592060089
12.0212740898
8.69550299644
6.75738692284
5.5207529068
6.3187019825
6.14570093155
6.00093197823
6.80041098595
8.90034389496
12.2523899078
12.0134680271
8.63018393517
6.51659679413
5.69203686714
6.28949689865
6.24402403831
4.54174494743
7.03799700737
7.81727600098
10.2288990021
11.1545920372
10.9319870472
7.46738195419
7.62100481987
8.88964700699
6.21843290329
7.36362195015
7.59905099869
10.6135048866
9.38923311234
10.1918389797
3.49673700333
7.41312909126
7.79904913902
8.43905091286
7.15731906891
5.15414714813
8.34239006042
6.31392979622
9.39601707458
10.2910161018
10.2430131435
7.2376229763
7.08372592926
8.18094110489
9.85586190224
8.71175885201
8.57288408279
9.20055413246
9.94303202629
8.71604204178
3.3961520195
5.76583313942
7.06287503242
8.14344406128
9.84136199951
6.02742600441
7.32955694199
8.89917802811
10.9628129005
9.19340777397
12.3292639256
6.38896894455
5.74439501762
9.77964305878
2.92748212814
6.14964413643
5.89337182045
7.97686100006
8.74916219711
9.67538690567
8.6342279911
7.26687407494
7.05003404617
8.18248200417
9.98035407066
7.19148302078
7.52068996429
9.1095700264
11.2798540592
6.71167516708
6.62338685989
7.44306397438
5.36344599724
8.16499400139
10.0044820309
6.20097398758
5.85954999924
8.03792905807
10.6703081131
8.16277098656
8.18536496162
7.24870610237
7.06788516045
8.60307502747
9.56960296631
8.66295981407
8.11824393272
9.58419299126
10.6317300797
7.2233440876
6.34496307373
7.50612282753
5.36141586304
8.16764903069
10.0622951984
7.31347203255
7.39433503151
6.84948301315
11.8007071018
8.74347996712
6.46486186981
5.74590086937
7.06707310677
8.18418812752
10.0475039482
8.67660784721
5.43026804924
9.01478695869
12.595056057
8.34684896469
6.79708909988
7.17945694923
9.8678560257
6.29415011406
7.5316991806
9.34043693542
7.37631201744
10.3367509842
11.0436120033
9.73556184769
8.76789808273
6.24335312843
8.3279440403
7.08139920235
2.67500495911
7.81264805794
7.52443289757
8.89843606949
11.7198688984
13.8458678722
8.82748293877
6.36158680916
8.39382886887
7.09897899628
2.59024190903
8.94411611557
7.35121798515
7.6738140583
12.5923850536
11.0921041965
8.93893408775
7.51292705536
8.84223389626
5.11055707932
2.86903500557
8.22080492973
8.27142286301
10.5154728889
11.2868108749
10.7959680557
8.58971810341
6.45206713676
7.10404777527
6.86940097809
2.90284490585
7.82129120827
7.0240149498
8.87506604195
15.7880930901
10.4997069836
8.87936711311
7.39568114281
7.07094597816
6.85167503357
2.89782190323
8.92901206017
7.36436295509
10.6239328384
11.2918372154
10.9243559837
8.45456719398
6.4981610775
7.07341098785
7.07754898071
2.69759988785
5.96467995644
6.83052110672
9.03049397469
15.8130068779
10.1570870876
9.04342389107
7.36125612259
8.87879180908
5.08591413498
2.9096429348
8.12459111214
5.27286791801
10.4462969303
12.849916935
14.0227539539
8.65725302696
7.61956501007
8.65608811378
5.26827192307
2.92241811752
6.44205498695
6.12641906738
9.94801092148
12.4235491753
9.90337395668
13.0902678967
8.3745508194
8.65271687508
5.29662513733
2.90069890022
7.66656708717
7.47850513458
10.6492350101
11.0719270706
9.53773498535
8.85343003273
6.10694098473
8.57044291496
7.17670702934
2.63079810143
9.345484972
6.97081398964
10.7140958309
11.2098829746
10.8957431316
8.50808787346
6.48136806488
8.84219694138
5.08204221725
2.92590284348
5.4082069397
8.81247401237
7.18373298645
13.4655909538
13.2470519543
8.26583814621
6.46442317963
8.69026207924
5.58251905441
2.8502509594
8.02746200562
5.05981993675
10.6360030174
12.1042211056
9.19478702545
12.4189100266
8.17825317383
8.34652590752
6.89965391159
3.12863302231
7.96733593941
6.9947578907
7.66948604584
12.6330718994
9.28004789352
12.4153180122
7.94479799271
8.64532113075
6.83286499977
3.13353300095
10.9140970707
9.20405101776
10.547896862
7.69211912155
8.29422783852
5.80482006073
6.73136496544
6.74004888535
7.77808499336
7.81763887405
6.17108988762
5.87560296059
9.81687879562
11.5400218964
11.9764809608
3.26628899574
7.85489797592
7.3552570343
9.9536960125
7.86941885948
7.38612890244
7.52245497704
9.10535311699
10.9841051102
7.28806209564
6.51851010323
7.26847195625
9.77427101135
7.97044801712
7.99782705307
6.05200815201
7.56382608414
9.15215587616
10.9753639698
6.97078204155
6.62539696693
7.88785004616
8.64892888069
10.263723135
6.38574695587
8.213078022
8.22522497177
10.6391470432
11.2078888416
10.9643380642
8.43117499352
6.45322990417
8.92590403557
6.21260094643
3.80154395103
8.68326306343
8.75297498703
9.01039791107
9.94574689865
10.5608918667
7.26693105698
7.04642391205
8.18958687782
9.96916508675
3.86403393745
3.78490996361
29.5925281048
9.20796084404
8.48702907562
3.97128486633
8.37565398216
7.77473020554
7.13901686668
7.153621912
4.00309205055
7.37640690804
7.5221581459
9.11019396782
11.0236270428
12.0957438946
7.24111700058
7.06915903091
8.60742306709
9.64245295525
3.78651404381
10.8948369026
6.1763420105
9.55983304977
9.799036026
10.5663101673
7.25052714348
7.11658501625
8.55824995041
9.4334859848
4.00276517868
17.3773100376
9.61155700684
10.6716909409
7.25278711319
6.4655649662
7.7548251152
9.33547687531
6.45588994026
7.29859495163
3.89520692825
10.8657948971
10.218667984
12.4252150059
8.63031101227
6.27828192711
7.95032095909
9.33387684822
9.55389904976
6.23061299324
3.43266010284
17.6111989021
9.60997104645
10.926609993
6.8716750145
6.64360404015
7.17723894119
7.8851749897
11.5701560974
6.25025892258
3.46926999092
32.161657095
11.1311841011
11.0458700657
7.52974700928
6.46787190437
5.14082694054
6.97994494438
2.9226808548
2.80252289772
6.3660428524
32.5387120247
11.1699330807
11.4819879532
7.18656992912
5.93150997162
5.67829203606
6.88857984543
2.89104700089
2.75546097755
6.43185114861
29.6002759933
9.52602314949
8.16568899155
3.61397385597
7.88633513451
7.33087205887
9.88316011429
5.70075511932
4.04723787308
6.83530712128
33.9842019081
10.6683208942
12.425055027
8.25642204285
8.27219414711
6.8544549942
3.15659093857
2.51011300087
4.66588187218
5.49898791313
29.8830077648
9.19354510307
10.5757761002
7.23570108414
7.08047890663
8.17408704758
8.39136815071
3.82767295837
3.79616093636
8.52941298485
29.9753668308
9.20191192627
8.41790795326
3.68969702721
7.85794305801
7.35980391502
11.5640537739
6.17673707008
4.13948011398
9.1607568264
4.04796886444
6.74392294884
10.3155739307
11.7184350491
13.9147570133
13.1005890369
13.1056318283
11.133630991
13.7104840279
10.7553040981
5.06750392914
11.0698559284
9.70233798027
11.8794679642
13.5267159939
11.7227299213
11.9529659748
8.19582891464
11.280009985
12.5931251049
7.62605309486
6.14465212822
9.63969898224
12.5885949135
13.9524841309
12.6583828926
14.4694190025
10.10414505
12.0320880413
10.814991951
4.45948886871
10.977668047
11.4053280354
9.94597911835
13.8547830582
11.9394299984
14.0309751034
9.12910485268
14.0550909042
10.3902668953
5.03881597519
10.9913229942
11.4229328632
10.013988018
13.9670729637
12.7847778797
13.0082690716
9.09647393227
14.0593340397
10.4066607952
5.3452501297
10.1720380783
11.3148770332
9.99335694313
14.113120079
12.6626801491
13.1013510227
9.00430393219
14.0468111038
10.4078550339
4.57073903084
10.958204031
11.5261700153
9.88276410103
13.8078219891
11.7205228806
14.337400198
12.2152190208
11.0319950581
10.3220698833
5.76794505119
9.63536000252
11.6564459801
11.9664680958
13.5882530212
12.3515889645
13.6347849369
9.11700892448
14.1456778049
10.3832299709
4.62964487076
7.79475188255
6.43266606331
11.4904649258
11.2242319584
15.1181058884
12.5440769196
14.4437229633
14.453854084
13.1948690414
2.73315000534
6.73826313019
7.49230718613
11.1766350269
10.4773609638
12.1104528904
13.4485938549
16.0326170921
15.749161005
13.4982190132
4.05096912384
7.09128499031
7.46998310089
11.5187649727
10.1473510265
15.4087028503
11.3014760017
23.0920450687
10.6826469898
11.2818701267
5.79001092911
8.01944184303
10.8553369045
8.63196110725
11.8134129047
11.9195151329
16.0875320435
18.4298799038
10.7928619385
10.0629811287
8.40732908249
6.05085301399
10.5887060165
11.6433820724
13.9611639977
12.6911802292
14.4141380787
14.3362319469
10.9463999271
10.0923919678
5.76604294777
5.90847301483
11.5315520763
12.7739419937
13.8475139141
11.8110198975
13.4562630653
16.6393940449
11.8417890072
9.18607497215
4.75772190094
7.6990301609
11.7550508976
12.6352601051
12.2449920177
11.7788238525
14.8021907806
16.9445381165
11.8756837845
9.14987206459
5.35716295242
10.3768119812
11.7090320587
13.8817670345
13.1299550533
13.041216135
11.1863679886
13.0193099976
11.4237380028
8.25363993645
6.69840407372
10.7455618382
12.1205070019
14.2491641045
10.5437870026
13.2793338299
11.1285421848
13.4672110081
10.9783220291
8.25946903229
8.79427981377
11.0441339016
12.9896819592
14.5853378773
11.1082971096
14.6568160057
7.21335482597
12.1006851196
10.6232481003
8.5820748806
5.79178404808
9.63742804527
11.6618630886
12.021643877
13.833575964
15.709387064
15.9347820282
11.1874899864
11.4207680225
8.6083881855
6.66989898682
9.04208517075
12.5609340668
14.0321679115
10.6561799049
13.3782119751
11.1005959511
13.0427060127
11.5505719185
8.48642420769
5.16339302063
10.9658889771
11.5193860531
9.84053897858
14.1667749882
12.6623001099
15.0581228733
15.8154439926
10.7514989376
8.59121489525
4.62732005119
6.73899006844
7.80133008957
11.1925060749
11.2218708992
16.2310550213
16.1578822136
12.2058289051
11.9963300228
17.6505789757
9.12010002136
7.60799980164
10.9428119659
10.415596962
13.6866519451
13.0032389164
14.6261591911
13.8342299461
10.4239630699
11.8021390438
9.4222509861
6.43109703064
11.1660010815
10.3988661766
12.1907670498
11.0698478222
16.5913360119
13.776198864
10.3847470284
11.8442969322
3.90731501579
7.8159430027
11.6501190662
9.87358593941
11.9475429058
11.8750989437
16.0407729149
18.8085961342
14.2299640179
10.7117390633
5.76806497574
11.657173872
9.55345797539
15.1758480072
14.2268340588
13.1754379272
12.804336071
12.2184801102
13.9147899151
11.4173398018
8.00421404839
10.4123249054
11.4497148991
14.1707181931
13.1136901379
13.0980350971
14.9319961071
9.80572319031
14.1497240067
11.4223320484
5.92869591713
11.7658760548
11.3322389126
13.6222980022
14.0172770023
13.0950090885
11.1014301777
13.7394399643
13.7061369419
11.8206119537
7.99193811417
9.80819296837
11.3796701431
14.2152140141
16.2297930717
14.8828790188
7.99568200111
12.3349421024
13.3451762199
11.82655406
6.6572201252
10.2603280544
12.2822039127
12.2305800915
13.1043410301
13.0973939896
14.9243781567
9.20881986618
14.3777391911
11.8534162045
3.85878586769
11.6403119564
11.519657135
15.5804710388
14.0117049217
13.1011400223
11.1320757866
13.6139008999
13.6291179657
12.015843153
4.67791604996
11.4687309265
11.4153850079
15.2410531044
15.6375358105
13.3026409149
9.62350010872
13.7384498119
14.0493459702
11.4829180241
7.99419903755
9.80922007561
11.3854241371
14.4744179249
12.5423660278
10.3869640827
14.5849761963
13.3028230667
13.5261271
12.0194239616
3.82641291618
9.63997101784
11.719769001
11.9134151936
13.7551100254
13.4635908604
14.6272599697
14.8878660202
14.3807730675
12.0186700821
6.70850992203
10.1524870396
12.8083879948
14.1543111801
11.7110910416
11.886234045
11.3369379044
13.4915130138
13.7735929489
12.1813561916
9.03143811226
10.793763876
12.0196399689
15.3108141422
10.2418439388
11.5159010887
9.74057793617
13.4639790058
14.2962617874
11.6498901844
7.83058094978
9.19791388512
11.8230311871
9.180134058
11.9199340343
12.6951050758
16.8228821754
14.4372849464
14.3859710693
12.3430829048
4.38664102554
7.8628718853
11.599255085
12.7924909592
13.9728639126
12.7797861099
16.7332749367
15.2207798958
13.8270778656
12.110352993
4.20242500305
8.17597198486
11.739166975
10.0863199234
11.6915788651
11.9184448719
16.2196700573
21.4287528992
13.4896571636
12.4490737915
3.17025017738
7.69579601288
11.6300699711
10.0123848915
12.3898098469
14.1481611729
14.9272527695
20.0106921196
15.3181540966
10.6722400188
6.09507083893
9.67999601364
11.4619121552
14.403801918
12.6919658184
13.2828490734
15.9549970627
12.9655539989
11.0920732021
11.4043631554
9.81713795662
11.5863289833
12.3755159378
14.6494379044
11.7253601551
14.4550578594
8.92509698868
14.0633461475
10.390048027
10.9542031288
10.0302128792
11.4260859489
12.376075983
14.8194131851
13.4613640308
12.7831399441
11.8621051311
11.0662901402
10.2912988663
10.8759560585
6.61885690689
10.7438240051
12.2042520046
13.9883987904
14.0417561531
14.761950016
11.2532689571
14.2330098152
10.3833079338
11.0501170158
11.0721859932
11.8475759029
12.0225179195
13.5417399406
11.9451811314
14.2369039059
12.103028059
11.0646719933
10.2991449833
11.0510752201
10.0313038826
11.690461874
11.9857420921
13.7120349407
12.8037610054
13.1140179634
9.00090813637
14.1265192032
10.409126997
11.0535571575
5.82063698769
11.7448811531
11.2849860191
13.2988080978
14.2675640583
13.2270278931
16.0025780201
14.1675789356
10.3910598755
11.13291502
6.6189968586
10.1901791096
12.7533380985
14.2248008251
15.0191850662
13.5964839458
11.1395530701
12.9716000557
11.5857589245
11.2016580105
5.34576916695
10.0603420734
9.81225681305
11.8773150444
19.2477068901
13.2322449684
16.0104758739
13.2198889256
11.3873288631
11.1407599449
5.41299390793
10.3738770485
11.3919129372
14.2437798977
16.2006371021
11.566049099
14.3939940929
13.2987821102
11.2964019775
11.3886311054
6.13310694695
9.37438011169
11.4131970406
14.5349049568
13.105643034
13.0980639458
15.9564499855
14.2141189575
10.389977932
11.3952860832
8.45350384712
7.35472488403
11.4959418774
11.2162699699
15.1187021732
11.6706929207
13.9832980633
15.2250349522
13.7631421089
11.7328619957
5.71529603004
7.69251012802
10.9494290352
7.59712100029
9.89518594742
14.6173410416
13.6608290672
21.2714209557
15.3319079876
12.2371070385
7.17569708824
8.89318799973
11.0658040047
10.4775030613
15.4003968239
12.4695169926
18.0069060326
13.6494269371
10.8553390503
12.2031850815
7.22531104088
7.47259998322
12.6687259674
10.3008780479
16.013657093
11.8621790409
21.9325919151
10.6088871956
10.1043069363
12.0958628654
7.25168299675
9.09845209122
11.1856031418
10.143228054
15.6161849499
12.2527999878
13.714058876
15.1913630962
14.055478096
11.7795250416
3.36500501633
11.6410210133
11.4203820229
15.6804192066
15.280957222
13.7641041279
14.0763568878
14.2395219803
10.4050760269
12.0796189308
8.61733698845
7.22392201424
11.5046441555
11.2163331509
16.2281329632
16.0479979515
12.305505991
13.85876894
12.3580980301
10.9669759274
9.98894715309
11.2904260159
12.5265479088
14.6502659321
12.3555920124
15.6733360291
11.9351902008
10.8827850819
10.3614590168
10.8993201256
7.21249318123
8.86173987389
11.3945600986
11.2185008526
15.5521500111
13.228069067
19.6501550674
11.1364870071
11.1199798584
11.5488810539
7.21647310257
8.86214208603
11.3899540901
11.8285958767
14.9460959435
13.5922880173
15.444904089
11.9981558323
14.3496320248
11.4637708664
8.48069906235
7.36463093758
11.4936339855
11.2167479992
15.5541908741
13.2087309361
13.4238491058
13.7644510269
14.9675378799
11.5254249573
9.84337997437
11.4366049767
12.5282680988
14.6490359306
11.7268810272
14.2484350204
12.3034038544
13.9250187874
10.760258913
9.75798296928
8.73309421539
10.1508169174
13.8758590221
15.8775959015
12.8037109375
14.164265871
11.240172863
14.1333858967
9.77612805367
10.4359161854
8.50838208199
7.66526007652
11.1911489964
11.217523098
16.2253658772
16.1033849716
12.2519819736
11.9959499836
15.5587048531
11.2244899273
7.22281098366
8.84258794785
11.4287109375
11.2177731991
16.2323250771
16.1517071724
18.760974884
11.7383499146
11.2757940292
9.30988407135
8.73914289474
11.2931079865
12.5556898117
14.9614319801
12.6603679657
14.1748869419
16.0005199909
12.5996608734
9.03983902931
9.46986198425
10.024294138
11.4229340553
12.5409228802
14.9593029022
13.3203189373
14.8758409023
14.6390931606
11.5509929657
8.78937005997
11.0570220947
8.79246997833
12.7075259686
12.3765361309
14.8186929226
13.1655659676
15.1470329762
15.2583789825
10.8326759338
8.8560898304
11.1217172146
5.6489341259
8.21725416183
10.511729002
15.6489698887
16.9891750813
16.147603035
18.43217206
12.1894500256
13.0389428139
9.00898599625
9.00592803955
10.0096540451
11.4065971375
18.5035429001
15.8187839985
12.0923740864
11.6341099739
15.7774062157
9.08712697029
10.4169640541
10.1835660934
11.2770140171
12.5402729511
18.0879590511
12.8004820347
17.7363209724
9.76891589165
13.6293940544
8.85707902908
9.07297801971
17.9806480408
11.5733661652
9.19459700584
11.4603040218
12.1685080528
15.4950959682
14.6064920425
14.3739647865
13.4451630116
6.56987786293
7.20065307617
9.07018709183
11.4614291191
10.9425010681
16.2280790806
16.056789875
21.6566879749
13.8420848846
12.1056418419
5.98927783966
7.09409093857
8.85783290863
11.1024281979
10.768348217
17.0175130367
16.1021969318
18.8079249859
14.2302279472
12.8970069885
7.77275919914
11.0966310501
10.4958441257
12.2533540726
18.0838229656
12.8003540039
14.292632103
12.6213212013
14.3743259907
12.0283141136
7.00507903099
9.45615291595
11.6155660152
8.53330111504
9.32056689262
15.2352039814
13.2158529758
25.1584041119
13.5085940361
12.4345600605
6.63757991791
9.46880602837
11.5973238945
8.55216312408
10.6032559872
14.6283040047
16.1495389938
21.5579369068
13.4876339436
12.7674660683
6.32698392868
9.41123104095
11.7040479183
16.6905329227
15.8836491108
12.5471680164
20.4007399082
11.4915881157
9.88602590561
11.9869420528
5.08880186081
2.8366549015
30.0145819187
10.9734518528
16.2269740105
16.2865190506
12.0744950771
12.0001130104
13.1741189957
11.7633140087
6.20145487785
19.4623630047
10.830010891
11.221143961
15.1192750931
12.5463290215
19.7269420624
12.0649869442
9.98475003242
12.047755003
6.21492791176
4.76713991165
7.7223739624
11.584528923
16.7986159325
15.8766181469
12.5443909168
26.3982489109
13.4788780212
12.3452651501
7.87486410141
11.0370459557
11.8769619465
11.9336688519
19.2951579094
13.284455061
15.9541649818
13.3093469143
11.2981710434
11.1328828335
7.52747607231
10.0394818783
11.2562501431
12.555366993
18.0863549709
12.8026189804
12.0971519947
15.5142500401
14.0461390018
11.4775421619
9.12422800064
6.59650397301
9.04407787323
12.8212220669
14.0884342194
20.6826741695
16.0990128517
12.0038750172
13.3979561329
12.0121290684
9.13546419144
17.2915048599
11.5869660378
12.7204530239
15.4070260525
16.0483520031
18.860806942
16.6358668804
12.4189090729
6.32221984863
2.07813692093
9.38655185699
11.6165850163
16.7781012058
16.9893980026
16.2796971798
12.0762541294
11.9067559242
13.2682759762
11.6808128357
7.16198992729
8.62039709091
7.53315520287
11.7674307823
10.9719200134
15.9085259438
16.2813191414
18.2982649803
15.4550178051
13.580755949
8.77227306366
7.18669295311
8.87879300117
11.3881299496
11.218269825
15.5541031361
12.1798779964
19.6509408951
18.8856329918
13.9350399971
8.42999410629
7.72894191742
9.32845878601
11.8096399307
10.801197052
15.6495189667
13.1275901794
26.4014389515
15.2115540504
12.2847850323
7.08079099655
30.0127129555
11.585793972
15.62292099
12.6811079979
13.2011799812
13.8638920784
16.1786530018
10.2207081318
5.38912010193
1.98491096497
3.83927893639
38.8234741688
13.1456680298
13.026414156
14.5707979202
13.9291892052
15.2867429256
12.096159935
6.62810897827
3.32987999916
8.74475693703
10.2597091198
13.7762079239
19.3163180351
12.6206519604
15.7306611538
11.6439580917
13.9394340515
11.9971840382
11.2699899673
33.0974199772
12.9922780991
10.8231861591
13.2156989574
11.1025760174
13.6374459267
13.7862091064
8.70023798943
10.1368658543
4.46505880356
10.460324049
14.803358078
15.9369487762
18.6305308342
11.7017669678
10.3616271019
10.3927140236
5.01419091225
2.15782380104
32.429022789
10.2172269821
14.7865128517
12.6780188084
18.4921329021
12.0549881458
9.98653101921
12.0683498383
7.09082388878
2.16010189056
9.46861600876
11.7532160282
16.6377189159
16.3173468113
13.5912730694
24.7964789867
13.5985250473
12.6705100536
8.40528106689
2.19440102577
32.5022330284
10.3617088795
14.9162750244
15.8363721371
21.6039440632
13.5823919773
12.3504078388
8.74512195587
2.12988591194
1.96002411842
