9.12516379356
17.1945829391
10.8318037987
11.1108911037
8.07612586021
3.93386006355
11.3171880245
11.3618559837
2.9596850872
3.49343800545
0.952028989792
2.22572398186
10.371078968
12.8263192177
19.3179268837
13.0864088535
10.5521531105
13.4482681751
11.2369282246
3.67194700241
11.0490050316
14.4474670887
19.0873811245
16.6087419987
4.53148603439
5.14012885094
14.5157909393
7.61117005348
1.95852994919
3.60969114304
9.72528100014
15.4722208977
14.6287000179
7.29274988174
13.6874909401
11.6317551136
8.52485179901
8.42979288101
2.32751202583
2.30140304565
14.0327179432
15.5691699982
9.23734498024
13.8218870163
6.49985980988
10.9289560318
10.1263689995
3.84233999252
2.55119395256
1.94562888145
16.3884279728
19.0778748989
16.4591460228
4.69456005096
3.66712903976
11.2616090775
9.55338191986
2.55695796013
2.5749309063
1.9463570118
9.57155013084
16.2896380424
9.33664894104
13.0880520344
10.4516401291
11.7205228806
8.45990395546
4.70363998413
2.3273460865
3.22151994705
11.2535250187
16.6102049351
9.35449719429
12.9811968803
10.4491519928
12.1706340313
9.63843297958
4.20487213135
3.54746294022
1.94804286957
11.2660899162
16.3771419525
9.58734297752
12.9815659523
10.5510098934
11.6036901474
8.36235499382
4.81261014938
2.42449188232
3.12348890305
12.5382540226
16.5606079102
11.3540270329
11.1356110573
10.4492709637
12.0468170643
8.01994991302
4.81178998947
2.4222471714
3.12481188774
10.5232970715
17.3558571339
9.7507250309
7.79777884483
13.1900310516
11.8822689056
10.9288020134
5.67911601067
3.61121416092
2.01447296143
14.8590929508
16.2228391171
8.80708312988
7.88560509682
12.0049450397
13.2046029568
9.46324396133
3.02684688568
3.41744399071
2.03099513054
7.93513512611
10.3726029396
16.44647789
11.5566630363
12.8283309937
19.1105031967
8.53355002403
2.03799700737
3.5239379406
2.04547905922
12.4714021683
16.5324399471
10.0658791065
12.3602850437
9.22668099403
11.9836859703
9.83239603043
2.95204901695
3.67159295082
1.95421481133
9.98032093048
17.8911519051
9.45173501968
7.69211888313
13.2083358765
15.8553750515
10.8929970264
3.01794314384
3.43864607811
2.01323103905
9.92551708221
17.9980390072
9.47192192078
7.37014603615
13.634032011
11.60851717
13.1887381077
3.6733520031
3.67316818237
1.96220016479
7.49035787582
15.4933459759
14.4047288895
7.30023097992
13.705395937
15.391215086
8.46666502953
4.70934104919
2.33022093773
3.23959994316
9.12563490868
18.3481729031
8.95909404755
11.8419349194
10.5092959404
12.0486989021
11.0168480873
2.99563503265
3.45807099342
2.0243461132
8.14906597137
14.7350161076
16.5852780342
11.8175709248
8.0853369236
4.53769183159
14.7204110622
7.95816898346
3.61230897903
2.02893614769
9.12345790863
17.0666151047
10.2439098358
11.8435089588
10.5076050758
11.7213549614
9.81818318367
4.34976911545
3.60993099213
1.96796894073
11.3525340557
13.140362978
15.92532897
10.7674081326
13.6137270927
17.3003280163
9.46732401848
3.00785708427
3.5137348175
1.96782684326
9.12183094025
16.6794559956
14.5938029289
13.7610211372
6.74378490448
11.1671440601
8.27046489716
3.15764403343
3.58794379234
2.06496095657
7.78639221191
14.7670559883
14.0054740906
8.62642598152
13.6950650215
15.9526178837
9.28700304031
3.16541385651
3.5931391716
2.05420708656
13.7417910099
10.1800661087
16.5197098255
10.6969470978
13.7196378708
15.3750550747
9.8180038929
3.18687820435
3.58930301666
2.05524301529
10.2459638119
17.2029249668
9.8595969677
7.19348907471
13.685683012
11.9263579845
10.0728518963
6.59124708176
4.703540802
1.98392701149
9.85776305199
19.2320291996
9.35577321053
13.0707371235
10.7710700035
13.2074649334
10.3390250206
2.04949498177
3.51573896408
2.05663108826
9.57372021675
16.1513440609
11.4353270531
11.1420681477
11.986989975
13.2065610886
10.3407468796
2.09997582436
3.46628689766
2.06462907791
8.5916891098
17.7803509235
12.4663751125
14.2937469482
16.9934649467
8.71745300293
5.37199282646
2.08647489548
3.60797309875
1.35133504868
8.6433160305
14.4954910278
18.1244909763
14.0674521923
9.05784916878
17.3856289387
4.66461896896
1.98030114174
3.68963909149
1.35234093666
8.81789016724
19.7581260204
22.2053740025
7.46914386749
6.14473509789
14.5401821136
7.60407400131
1.87463498116
3.68706417084
1.35666918755
16.1753618717
15.5081999302
20.2581419945
4.5222659111
5.15372991562
14.520113945
7.47484397888
2.01792097092
3.67634987831
1.35537409782
14.067702055
15.5307738781
5.4416987896
17.3051381111
6.81553196907
13.1431529522
10.7869811058
1.99325585365
3.6781001091
1.35919690132
17.8321042061
13.8596470356
20.2702691555
4.51076197624
5.14369893074
17.3820638657
4.63988995552
2.00779891014
3.68859696388
1.36368107796
16.3966190815
15.4071521759
20.0803329945
4.71319103241
5.11270999908
14.5492720604
7.60072803497
1.8778898716
3.68069911003
1.36619091034
7.68870711327
16.6073639393
13.9912140369
19.1142640114
7.17771911621
14.4143629074
7.51226902008
1.98198699951
3.68981218338
1.37067604065
6.23751521111
17.6628751755
17.36521101
13.6000339985
8.79421496391
13.8514080048
8.24180698395
1.83955597878
2.04661798477
1.53659796715
16.1253459454
18.3073589802
17.7069370747
6.41637706757
11.4404070377
8.45559215546
5.07190299034
3.09798908234
2.50773501396
1.53814196587
16.4217679501
19.0749890804
18.1148719788
8.1569621563
10.8507380486
10.0407989025
2.09281611443
3.18496394157
2.50766015053
1.53854703903
10.8498468399
17.5356481075
12.5390708447
15.2008960247
8.06554603577
14.5386807919
7.4781088829
2.00800919533
3.68536996841
1.36101388931
11.0776910782
17.4824538231
8.66515994072
18.1771011353
8.96999287605
14.5416178703
7.47940802574
2.01721405983
3.6763420105
1.37167906761
16.2391018867
15.5015780926
14.9728791714
9.97308897972
4.99320697784
14.5308318138
7.48687291145
2.0180618763
3.67782688141
1.37742900848
21.5411319733
13.1069819927
17.2535600662
6.8166539669
8.2175450325
11.6509189606
5.00163197517
2.5848197937
1.94474601746
1.54669690132
16.120210886
15.5125188828
14.9722850323
12.231949091
12.5279939175
9.1127948761
2.93082118034
2.48395800591
2.04552698135
1.5455930233
10.3509070873
19.0775499344
18.5216670036
9.27268791199
12.8953399658
9.16835284233
4.92652702332
2.00271606445
3.69063901901
1.37599110603
