3.33125090599
10.6033780575
8.52668094635
5.39156007767
5.41161298752
8.28206706047
4.16727590561
5.20388007164
3.37589907646
3.45780301094
5.53875398636
7.5663330555
8.36296200752
6.94067597389
5.01924681664
7.41805887222
4.97030496597
5.2020368576
3.37663793564
3.59541702271
5.57045912743
12.4570930004
5.88117289543
6.25598120689
9.17843294144
3.34754991531
5.41007184982
4.55001497269
3.44751691818
3.90156793594
3.35437011719
9.95325708389
8.97301912308
8.06065583229
8.7317647934
3.5220041275
5.40659999847
4.4905629158
3.52427411079
3.92950510979
5.18572402
13.2676949501
6.78231096268
5.75174689293
7.64327311516
4.13902401924
4.79300308228
4.4848279953
3.98053812981
3.47441411018
4.21062493324
9.99341106415
8.35842394829
6.84310913086
5.02085089684
8.19024395943
6.45295596123
4.52352905273
3.44379687309
3.94818091393
7.26070594788
9.85802507401
6.74546504021
6.10312485695
7.33115792274
3.99197888374
4.91536593437
4.5590159893
3.46280908585
4.00780797005
5.24451804161
12.4389779568
6.3436589241
5.80724000931
9.1869289875
3.96250581741
5.19728398323
4.14540290833
3.92860507965
3.5540201664
4.22247695923
10.8101370335
9.79457902908
6.1370780468
8.8585588932
3.88738012314
5.37632703781
4.48489904404
3.50808691978
4.02887511253
3.50053811073
10.6032791138
10.2825508118
7.63529086113
7.19044399261
3.55472612381
5.3675570488
4.49832987785
3.50949001312
4.03673791885
4.39059400558
9.88650488853
8.26544094086
6.93532395363
7.73908305168
4.76973485947
5.59673500061
4.62484192848
4.93045902252
4.03860282898
7.27316021919
9.0236749649
6.01644492149
8.44779801369
6.80454802513
6.43980503082
5.23412895203
3.33111619949
3.46489787102
3.66364502907
10.9212841988
9.79382491112
6.14087605476
6.18949389458
4.519343853
5.16204190254
5.31161308289
3.2577381134
3.45683598518
3.67380404472
6.29046416283
12.1404290199
6.95064496994
4.95257496834
7.49336504936
5.65381407738
4.55085396767
3.3391418457
3.45347690582
3.81040906906
8.57289409637
11.9916088581
6.95188188553
7.79118013382
4.47010016441
5.85711407661
6.0871989727
3.46235203743
4.02076601982
2.85617017746
3.07634496689
10.0076470375
11.0986721516
5.64266490936
9.62038612366
7.04880404472
5.933822155
3.99877595901
3.56720495224
2.84458088875
8.403455019
12.3312458992
7.5351190567
9.69190907478
3.85393381119
5.43646979332
4.46006393433
3.50599312782
3.94910097122
2.93603897095
5.22387194633
13.419260025
6.75664901733
6.40875196457
10.0463809967
5.8939230442
4.48918294907
3.5045068264
3.95161390305
2.95811295509
3.822453022
9.78650903702
11.0921359062
8.29609298706
9.58632802963
5.89516806602
4.48921203613
3.5218091011
4.02702021599
2.86560297012
8.46408009529
13.3804879189
7.77168607712
8.76591014862
3.5195479393
5.40182495117
4.46599078178
3.50246500969
4.03683018684
2.86996793747
10.1291511059
9.13786315918
5.594810009
5.48534393311
7.40980792046
4.95336508751
5.24364304543
5.00606703758
4.02752113342
3.12340903282
7.28623509407
12.4765200615
6.82905912399
7.73746705055
4.57475805283
5.80355215073
6.02401804924
3.52384090424
3.90645599365
3.24378299713
5.75693082809
7.6797709465
8.46890306473
7.83514904976
8.81495809555
8.21779608727
5.45948696136
4.41031503677
3.08657312393
4.81175279617
4.1216378212
9.88463282585
8.50196003914
8.31175398827
10.5890350342
5.94216108322
5.51519918442
4.353951931
3.05118608475
4.87664985657
4.89532089233
13.1737580299
6.75632596016
5.77581906319
7.67646813393
3.4865489006
5.81880807877
4.08340883255
3.97685194016
9.14253115654
4.80866098404
8.33795690536
8.61844396591
7.33773803711
7.11017799377
5.92860221863
8.53712797165
4.29186701775
7.33597421646
4.82013010979
3.4948348999
11.3244888783
8.78851795197
6.89957594872
8.88815999031
7.8456568718
4.66778516769
4.2560710907
4.52878904343
4.09031701088
5.88069295883
11.6351408958
8.96238994598
6.39305710793
8.20742297173
9.0747191906
4.59163498878
3.54681611061
3.6042368412
5.58846998215
3.4493291378
11.8180580139
9.45536994934
5.7015349865
8.84677386284
8.27142214775
5.43452095985
4.32785987854
4.95512580872
5.90326786041
2.01777696609
5.77823376656
12.1827960014
7.99711585045
6.69244909286
8.20972895622
9.25996017456
6.67135500908
4.5175139904
5.96186304092
4.15285992622
12.7426409721
8.83057689667
6.90452480316
8.88905000687
7.85461711884
7.26344299316
4.01050019264
3.40042710304
4.94718313217
4.76491689682
11.7350399494
9.2333920002
6.4831199646
8.89719414711
7.85383081436
7.25945496559
3.9851500988
3.43401885033
4.96285915375
8.35266804695
12.2016949654
7.66490983963
7.01881790161
4.46188879013
5.21963500977
5.1888999939
5.05023097992
9.61566114426
3.68200206757
4.2228269577
9.9477391243
12.8810238838
9.18752908707
5.27322101593
5.93278408051
5.77174305916
5.91714406013
4.69016504288
6.90628099442
5.92628288269
11.6513888836
10.1205170155
10.8613469601
5.48388910294
6.1534409523
4.45812511444
3.61044001579
4.90325903893
6.90649199486
4.16532993317
10.7405338287
9.69299006462
7.12215209007
9.87611699104
9.17302894592
4.45757889748
3.59387898445
5.22938990593
6.82897210121
6.51119303703
8.40302801132
8.74277210236
6.89754700661
8.89684581757
8.37790513039
6.72863483429
4.00912714005
4.67761898041
6.36839699745
4.84687304497
11.0702259541
8.70800805092
5.34643006325
9.1501159668
9.44451594353
6.9795498848
4.01147317886
4.68766999245
6.35703206062
4.84095406532
10.9526848793
8.81827497482
6.9005150795
8.89082503319
7.84793496132
7.25876379013
3.97964096069
4.71968913078
6.42261910439
5.19692492485
8.47571587563
10.2000801563
5.90959596634
9.18708205223
7.30277013779
5.92060208321
3.55436515808
9.60171103477
6.16741585732
8.0430290699
11.6693770885
5.64827299118
8.0865240097
8.69546508789
8.24610185623
3.99324083328
3.21526885033
4.83770990372
7.56796789169
11.2833409309
8.46600699425
7.77317690849
8.8878018856
8.17164707184
5.43136811256
4.33238887787
3.13364481926
4.84559488297
7.61180496216
4.41245794296
10.9790940285
7.3067741394
7.90328407288
8.81705594063
9.07784700394
8.34440803528
3.72090983391
4.87162995338
7.58751010895
9.48171305656
10.8610830307
6.54031085968
7.01513314247
9.69277596474
4.74026107788
4.3993370533
7.8216381073
5.1583199501
4.73118710518
3.24660611153
11.8562159538
9.12093710899
6.46524500847
8.9136030674
7.84949684143
4.66818094254
7.48352909088
3.83027696609
8.40644001961
4.60597801208
11.2785670757
8.70622110367
6.8982591629
8.89229202271
8.37627601624
6.73235106468
4.00878405571
4.67112994194
8.4473221302
4.88497781754
10.9391469955
9.23797392845
6.46514391899
8.91085982323
7.84400296211
7.26192092896
4.00927591324
4.69286394119
8.42368102074
4.58337593079
11.1986179352
9.19798898697
6.31996011734
9.05175089836
7.84787797928
7.25389003754
6.23539090157
6.36317610741
4.5892469883
5.60192584991
13.5477838516
7.92028713226
9.74993014336
9.04658913612
7.51943302155
4.00782990456
3.43313479424
5.05657696724
4.69703507423
4.88814306259
10.8962481022
9.23512816429
6.31025099754
9.05470013618
7.84590697289
7.2582089901
7.20277500153
5.17128491402
4.83352017403
9.49156999588
8.28885698318
7.50820183754
8.29673409462
7.48475599289
7.50046420097
6.5221118927
4.06388306618
4.43911910057
6.97745490074
4.57958197594
11.2244679928
9.20271110535
6.32156085968
9.05401182175
7.84722995758
4.66636896133
7.49079108238
5.59783887863
6.76362991333
3.8890709877
12.7409698963
8.83059406281
5.34651994705
8.89763903618
6.91078019142
7.29501795769
7.35589313507
4.8997399807
7.47098183632
3.80795502663
12.9802310467
9.00838899612
6.48365402222
8.89329504967
8.38375687599
4.29131793976
7.33430504799
4.819617033
7.55319285393
5.54884910583
12.8053839207
6.37919211388
8.84494900703
9.90055394173
4.82854890823
6.78250694275
4.17092704773
3.83881497383
7.47663402557
4.57464504242
11.1565721035
9.24533295631
6.30697107315
9.05006790161
8.37653183937
6.72792887688
5.84099912643
3.87247300148
7.55261707306
5.52167701721
12.1064341068
7.64833307266
8.28637695312
7.38751506805
5.38030576706
6.97232699394
5.84571194649
3.86570906639
7.56186890602
4.57418203354
11.1570549011
8.82910585403
6.89480805397
8.89640593529
7.84449601173
7.25809621811
5.83959984779
4.43217492104
6.98442387581
3.87490415573
12.7839100361
9.19676113129
6.77066302299
7.34006714821
9.4024810791
4.38850402832
7.49360609055
5.59617996216
6.77491402626
4.8735499382
10.9280700684
6.78811502457
7.73782706261
8.63655686378
9.03335905075
4.92276406288
7.48336791992
4.82540202141
7.54735994339
4.59243702888
11.1606822014
6.83009696007
7.36698389053
8.90410113335
6.87970089912
7.15948486328
7.49938511848
4.82472705841
7.56064891815
4.5684659481
11.1823987961
9.23871588707
6.41254806519
8.96483182907
7.84814810753
4.6656498909
7.48576402664
3.8299741745
8.65994787216
12.1238079071
7.54747200012
8.41057276726
8.38461399078
8.14582300186
5.45656394958
4.27725195885
5.01144909859
5.84095001221
5.6395149231
12.3105561733
9.45356607437
5.70087122917
8.94408392906
8.16648006439
5.49483299255
4.33518004417
5.20241904259
5.52250409126
5.65907096863
12.3099310398
7.30867385864
7.90369391441
8.78617286682
5.48670721054
6.05961799622
6.83851385117
4.47276592255
5.95447897911
5.65331506729
7.95768094063
11.7890660763
7.84123110771
8.78795719147
8.26523113251
5.4367787838
4.39344096184
4.89309406281
5.82899808884
5.98527193069
11.2824749947
8.45890402794
7.77583909035
8.81496310234
8.23830509186
5.44065999985
4.27678894997
3.24064397812
4.81878590584
9.09062695503
6.10844278336
11.880341053
10.0612258911
8.07510089874
8.54813408852
8.30812191963
3.90862011909
3.18026518822
4.85066890717
9.13411808014
5.71990609169
11.8207700253
8.2686560154
7.94094800949
7.11284303665
9.25400805473
6.78566884995
4.47199392319
3.13220214844
9.13717508316
8.91731286049
11.8149170876
8.03203415871
8.78671312332
9.10582709312
7.28248596191
3.28394389153
3.25722098351
5.90328907967
6.43030309677
5.48611688614
11.1859741211
9.45161008835
7.10598707199
9.74664998055
9.30095791817
6.68364715576
4.70136785507
5.84284996986
6.43130803108
6.55167508125
11.5065119267
6.72347283363
7.10744905472
9.74089503288
9.07524204254
4.60669612885
5.03921198845
4.82448601723
9.36161899567
5.60740399361
12.097397089
7.3628218174
6.93489408493
6.10444903374
8.0058028698
7.25649499893
6.23576903343
6.36778283119
6.24337100983
3.39522814751
8.95509600639
11.5021820068
7.26984286308
8.74596786499
8.96695899963
7.456346035
7.20796203613
5.1563539505
6.50328707695
5.57945799828
12.1726150513
7.2831890583
8.81971788406
9.73173308372
4.76374602318
4.39028382301
6.86549305916
6.27471017838
6.35979413986
5.15992116928
11.2129769325
9.11222314835
6.48279309273
8.88943600655
7.85120606422
7.25790095329
7.20643901825
5.17814302444
6.48818516731
5.74221110344
8.17167782784
10.0613210201
7.25784611702
9.7386341095
9.13394403458
8.56720495224
4.44111180305
6.91090297699
4.42361497879
3.74685096741
11.0657351017
9.22867298126
6.76936388016
8.60355591774
7.84769797325
7.25601696968
6.23765587807
6.36417889595
6.44149398804
7.93655490875
11.6063020229
5.77786803246
8.10165405273
8.70322012901
8.11972379684
5.8506500721
5.16928911209
6.4568901062
4.65553092957
5.12874007225
12.5600960255
9.19857811928
6.77669596672
8.59996199608
7.85266900063
7.25724005699
6.24076199532
6.36764907837
6.44883179665
2.91524219513
11.3794500828
12.0906441212
6.39466691017
8.20739579201
9.07778692245
6.83964204788
4.5832130909
8.60707998276
5.22310996056
4.34854197502
10.7398841381
9.69142007828
7.10475206375
9.80694508553
9.27771687508
6.65398406982
4.62935400009
8.66692399979
5.21718096733
5.87166881561
12.310559988
7.50304317474
7.78740787506
7.46665692329
9.41805815697
8.44952392578
5.86178612709
7.55487704277
3.21395516396
4.25115990639
9.83245301247
12.9451110363
9.18995904922
8.72633504868
8.21289205551
5.76105189323
4.86352396011
8.79357385635
3.4228951931
4.94490003586
11.7060730457
7.97060799599
5.50657010078
9.7560210228
9.32768321037
6.75261116028
4.89150810242
8.30014610291
5.23003602028
5.81039500237
12.3014090061
7.50158596039
5.66246080399
9.73955583572
9.13476395607
6.78985404968
4.5172419548
8.66850805283
5.23521304131
5.88445997238
11.511811018
8.40281200409
7.5508890152
7.5262901783
9.1851811409
6.73696208
4.69748592377
8.60489010811
5.32101488113
5.7695479393
11.7887191772
6.58852005005
7.1069149971
9.74081707001
9.17183303833
6.65420794487
4.58385109901
8.72065711021
5.69251894951
11.3460080624
8.45872998238
7.77438211441
8.7878510952
8.26422691345
5.75666284561
5.91810297966
4.68283295631
6.91270589828
5.76449990273
8.87150001526
7.56306481361
8.65150880814
6.70476722717
8.20741796494
9.17263412476
6.75100588799
4.8923869133
8.29565596581
5.68585419655
9.51642799377
11.4233579636
6.86154580116
9.02834010124
9.56734108925
6.97685790062
7.20566892624
5.15612506866
4.73573493958
3.80805683136
5.55961203575
13.5407321453
7.92202377319
9.74514007568
9.10795903206
7.45399713516
7.20478892326
5.15930008888
4.73139500618
3.88933801651
8.94731497765
7.65328001976
8.52235412598
6.69460511208
8.21639800072
9.25661110878
8.45333695412
5.86581802368
9.10406494141
3.44840908051
11.2988100052
8.36858391762
7.87115812302
8.88831686974
9.00413584709
7.21092009544
4.90996289253
4.79569721222
9.34346699715
3.24007296562
12.3597071171
11.8489730358
6.38590502739
8.21545314789
9.25584387779
6.56867003441
5.00870895386
5.53484511375
5.64189100266
4.1563270092
11.2820279598
12.8795959949
7.18346309662
7.30754494667
9.36804795265
6.6699988842
4.58440113068
5.89853191376
6.37072110176
3.36749601364
5.78316998482
11.8381648064
8.46190285683
7.49107789993
7.49184989929
9.10779500008
8.53259301186
5.83434009552
7.60423493385
5.28290486336
6.7695441246
11.6439831257
8.51736283302
9.50021910667
8.72688603401
8.2150349617
5.94590711594
4.98850011826
8.6937019825
5.2867538929
8.04688405991
11.7330589294
7.83848381042
8.78697490692
9.1045229435
8.34452605247
3.75711488724
4.83328390121
7.55911612511
5.29196405411
6.00342202187
12.1723380089
9.7854039669
10.7670819759
8.17098283768
8.28812503815
4.6607530117
4.7935230732
7.59340381622
5.29336595535
9.4441139698
11.4245779514
6.85542988777
8.93358612061
7.13476705551
7.05245804787
7.35362696648
5.59880208969
6.77725195885
4.78573393822
10.1692609787
10.2454721928
7.38302302361
9.00497603416
9.09203100204
4.86567187309
7.49154305458
4.82656884193
7.54433989525
4.78640413284
10.2050981522
10.1851420403
6.62666392326
10.1242339611
9.01313090324
7.21714782715
5.8395190239
3.94637203217
7.4751188755
4.78966593742
9.49108099937
10.926099062
6.48406100273
9.88823699951
9.04923009872
7.51401686668
7.20517897606
5.29508900642
6.35688591003
3.19944500923
9.42080402374
10.924487114
7.73790097237
8.55024290085
6.88056302071
7.29633593559
7.35523891449
4.81890702248
7.55663299561
5.24984884262
2.7030980587
5.35129117966
9.18575406075
9.65104413033
9.04674100876
9.72952008247
9.41791200638
9.72471404076
10.6133971214
5.71726703644
6.20303702354
12.2460939884
6.18625998497
7.54000306129
8.496311903
8.61285495758
8.77751207352
8.99117708206
8.40255212784
4.41438698769
2.70059514046
12.7915718555
9.2885081768
9.39096689224
11.2180490494
10.8564319611
7.35883283615
9.70060586929
5.39451599121
2.55245685577
6.38591790199
12.1471989155
6.19042301178
7.50862789154
8.49292111397
10.7761530876
10.4102990627
9.49315214157
6.74973607063
3.39601683617
4.60095500946
11.5039491653
9.48605298996
9.27043104172
9.02703499794
8.74651288986
9.34293103218
9.95647311211
6.74496102333
3.40632605553
3.11055183411
12.8919448853
9.18510603905
9.27078986168
9.02846193314
9.08152008057
9.00398182869
10.1885900497
7.37008213997
2.5554227829
4.45036816597
11.4730498791
9.46787214279
9.39460086823
11.061855793
7.61471104622
8.34517908096
9.90690994263
6.75049304962
3.40057682991
3.56342196465
12.7010388374
9.48368287086
9.24975299835
9.04700398445
8.23665189743
10.1840250492
9.85604095459
6.56368803978
3.36942005157
8.88771510124
8.96827101707
5.84178495407
9.75382494926
11.0829679966
10.9465928078
7.43939805031
9.64565086365
5.70868802071
2.34765601158
5.34624409676
13.3428759575
5.03808689117
9.70868182182
11.0639998913
11.0763030052
7.33243608475
9.65456700325
5.70699191093
2.3436870575
4.92702412605
11.765832901
9.17474079132
9.39023208618
11.2136490345
10.8167841434
6.2069170475
8.95827412605
6.48278784752
3.89178109169
4.87191319466
11.3123650551
9.65336513519
9.04643106461
6.51280283928
10.8627851009
9.8766617775
10.0590929985
6.73431396484
3.90138196945
8.04492902756
11.9980368614
6.69596099854
8.22023510933
12.0992810726
8.87088894844
8.99127793312
8.07642912865
5.66546797752
1.32685494423
4.92017507553
11.3334231377
9.64724612236
9.37997698784
11.2529571056
10.9228789806
7.2954659462
10.4110710621
6.64309501648
1.23118400574
4.85463118553
11.465072155
9.51982307434
12.0746819973
11.9497289658
9.03361392021
8.56893014908
8.50150799751
5.07038092613
1.96434783936
4.48943281174
11.301388979
9.65228104591
9.37468910217
11.1218109131
10.9549179077
7.45345211029
9.6537399292
6.48869204521
2.10304999352
2.52768111229
12.9803090096
9.08465409279
9.37970995903
11.0735189915
11.0850281715
7.32969808578
10.3708748817
5.78325009346
2.10153388977
4.67887997627
11.47742486
9.47966885567
9.38734197617
11.0791687965
11.0572240353
7.34821581841
9.65289998055
6.48593091965
2.10716795921
8.95462608337
8.89652705193
5.96800208092
9.61376810074
11.0455591679
11.0303850174
7.37754297256
9.69095802307
6.4900970459
2.10724186897
7.88300204277
9.42601203918
5.07499599457
9.78972697258
11.0681090355
11.0052518845
7.40156006813
9.68854904175
6.46989202499
2.10833096504
3.54493808746
12.5338380337
9.64842605591
9.39108800888
11.0877079964
11.0583200455
7.31367182732
9.70803594589
6.46800303459
2.11613607407
4.85856580734
11.7960219383
9.17528796196
12.0767788887
8.50400900841
10.902271986
7.36540794373
9.71976590157
6.48977804184
2.11634087563
6.19016718864
12.6258671284
5.97228288651
9.62504696846
11.0613820553
11.0118508339
7.41727805138
10.3543050289
5.78657793999
2.11916995049
6.19175004959
12.7234930992
5.78458189964
9.6955268383
11.1145908833
10.9610669613
7.42339706421
9.67348122597
6.50364804268
2.12035703659
7.96462202072
12.0000870228
9.83647799492
7.28621602058
9.81202697754
8.94948887825
8.56398820877
7.08501505852
6.3404648304
2.12192201614
5.34995102882
13.2375278473
5.23474502563
9.61926794052
11.0524051189
10.9741740227
7.45935583115
10.3557319641
5.78811883926
2.1290268898
5.53592896461
12.3095331192
5.87768101692
9.71536779404
11.0823390484
10.9875779152
7.41495418549
9.67540097237
6.4687628746
2.12909293175
5.37050914764
12.4965319633
5.80666208267
9.76790904999
11.1138811111
11.0706958771
7.33236002922
9.66818904877
6.48726010323
2.13319802284
7.05057501793
11.963258028
6.3342730999
9.60288596153
11.2593188286
10.8157730103
6.19956898689
11.602973938
5.79154014587
2.135668993
2.63294792175
12.4345810413
9.63966798782
9.38912820816
11.0711610317
10.9948728085
7.41253995895
9.68998098373
6.46912622452
2.13630914688
6.18597579002
13.4752709866
4.96186900139
9.78566193581
11.0437281132
7.63232803345
9.66195201874
10.7980718613
6.48806905746
2.13956093788
7.93473696709
12.0616710186
7.25375795364
9.97535705566
9.79623794556
8.86549401283
10.5559179783
8.5753660202
4.31621789932
1.08690714836
7.90972304344
12.3226261139
9.53026103973
8.70196294785
10.9675991535
10.2176690102
9.51134514809
6.72941803932
3.413367033
1.08674001694
4.89664101601
11.4346001148
9.52183008194
9.39222598076
11.080837965
10.9791228771
7.42813587189
9.64158606529
7.35823702812
1.69165706635
8.0521440506
11.9847099781
5.62021589279
9.56771612167
8.23604106903
10.913490057
7.3575360775
9.73656916618
7.32590603828
1.69707608223
7.98600196838
12.1577699184
7.03122806549
10.0343029499
9.71396183968
7.56265878677
7.40005302429
9.49940705299
7.34185886383
1.69952201843
7.9456179142
12.2581651211
9.57508611679
8.65314102173
10.8310580254
9.81485700607
7.30319809914
8.5729470253
4.32569408417
1.09511494637
7.98881602287
12.2548930645
9.64782094955
8.58267688751
10.9685208797
10.0978901386
9.63170599937
6.78932619095
3.36153411865
1.09362888336
6.27328801155
12.5948941708
5.74578404427
9.7345468998
11.096601963
11.0056819916
7.41316509247
9.66631793976
7.33887505531
1.70080709457
7.98307585716
9.42593097687
5.14957594872
9.70996403694
11.2109119892
10.925080061
7.34583306313
9.64162802696
7.35782003403
1.70519685745
7.91803908348
12.3225939274
9.53152418137
8.69963598251
10.7725749016
10.297257185
9.64269089699
6.736068964
3.39980196953
1.10459113121
7.88430380821
12.2230429649
9.73954916
8.59177303314
8.61130189896
8.78372693062
10.5526459217
9.7380168438
3.65340900421
0.648376941681
7.88233780861
12.321117878
9.64074087143
8.59260797501
10.8339970112
6.5830218792
10.3622179031
8.7439801693
4.81360292435
0.642024040222
13.1292967796
9.64851403236
9.39499497414
11.2114400864
10.8466131687
7.39015603065
10.3874530792
5.78798389435
2.11457896233
0.907711029053
5.21483397484
11.0987169743
6.82147717476
6.46070098877
10.0514600277
8.88637089729
7.52064108849
6.23943710327
6.27608013153
15.8037018776
6.50308895111
13.0955350399
8.6561088562
9.91224122047
8.89480900764
7.5118830204
6.23821997643
6.36956906319
15.7044878006
0.469555139542
