1.78243708611
2.05225896835
3.07379889488
3.27331805229
2.93062210083
3.49553108215
2.34252905846
2.069835186
3.09193897247
2.53859901428
0.821146011353
2.89189100266
2.61212992668
3.79000377655
4.09690189362
3.04517483711
2.45841097832
2.2769010067
3.46267986298
1.90100812912
1.69720506668
2.06852412224
3.04253983498
3.29265403748
4.59925913811
3.0566239357
2.39099597931
2.40138292313
3.05583405495
1.89129900932
1.96933794022
2.61179208755
2.57793498039
4.3037610054
3.60515904427
3.01063013077
2.61745119095
2.29024100304
2.87571287155
1.89210414886
1.99179196358
2.61279702187
2.77810311317
4.04481601715
3.74340605736
2.8534579277
2.69836497307
2.29013299942
2.87538909912
1.89277100563
2.48369312286
2.6182551384
2.9660050869
4.13138008118
3.49320697784
2.51865816116
2.45260500908
2.72433614731
2.64246511459
1.86912703514
2.48736000061
3.46716189384
2.27215790749
4.26923298836
3.73896694183
2.39491605759
2.36747288704
2.69803595543
2.59758996964
1.83441400528
2.59981107712
3.27700614929
2.75825214386
4.40584397316
3.49737286568
2.33892297745
2.08404803276
3.07171607018
2.53846693039
1.81255698204
3.4415230751
2.35510396957
3.85000491142
3.77489304543
3.35759186745
2.34468984604
2.35694313049
3.1125330925
2.24287104607
1.96784996986
2.51619195938
3.32450604439
3.74958205223
4.38531589508
2.90633106232
2.45132899284
2.45440506935
3.31682705879
1.85417580605
1.955286026
3.32584214211
3.75077390671
4.33061814308
2.95630884171
2.45653581619
2.5470700264
3.23111104965
1.8561270237
1.95914506912
2.55099010468
3.32425093651
3.75052309036
4.44475507736
2.84812808037
2.44983911514
2.45195794106
3.32308197021
1.85374307632
1.96059989929
2.54431986809
3.32999515533
3.74573588371
4.38779306412
2.9025850296
2.45664310455
2.45416092873
3.32366895676
1.85446381569
1.95568799973
2.924243927
2.92166996002
3.74851298332
4.31491303444
2.96979284286
2.4543159008
2.4531519413
3.32418298721
1.85545301437
1.96654391289
2.52032089233
3.32695698738
3.74991202354
4.44018602371
2.84763097763
2.45544409752
2.45482110977
3.30865383148
1.85524606705
1.96356678009
2.4901638031
3.33382606506
3.74706220627
4.6242890358
2.66576695442
2.45111608505
2.45847201347
3.31468701363
1.8536760807
1.96934890747
2.54712295532
3.85963797569
3.37652087212
4.4173438549
3.05439209938
2.47184610367
2.27435207367
3.43181920052
1.90103387833
1.7567050457
2.38870596886
4.08809709549
3.34233093262
4.54759001732
2.9278550148
2.51154398918
2.2097029686
3.46489810944
1.90009593964
1.75683403015
2.30608105659
4.05725502968
3.31249904633
4.42224311829
3.09696912766
2.47714495659
2.24795079231
3.45888113976
1.9005150795
1.75690603256
3.73212099075
3.59734606743
4.12476587296
3.66319489479
2.9315969944
2.61327314377
2.29014611244
2.87545919418
1.89231109619
1.55432581902
