2.90157103539
3.90922403336
3.2316069603
4.89492797852
4.14960503578
4.55898714066
3.96312689781
3.60210394859
3.79793405533
4.81458806992
2.67854595184
3.51796293259
4.22163486481
4.88070988655
3.84677004814
5.04802680016
4.28425884247
3.47189593315
4.28478002548
4.4238910675
2.84649300575
3.90574288368
5.56036806107
4.56292295456
4.09189605713
4.39484190941
3.85489797592
4.17901706696
4.00665616989
4.27697300911
3.06963801384
3.52453804016
3.99654102325
4.65536212921
3.96819996834
4.49831104279
3.9770450592
3.63451385498
4.36856293678
4.401501894
3.06743001938
3.5210878849
3.99574589729
4.68641018867
3.93052601814
4.52407288551
3.96301794052
3.61533880234
4.48984503746
4.31066298485
3.0362830162
3.48478913307
3.99554204941
4.68521595001
3.92988014221
4.5254380703
3.94730401039
3.62622094154
4.4990439415
4.30716300011
3.08474898338
3.51546692848
3.99459004402
4.68185997009
3.92597484589
4.53290987015
3.88183093071
3.68708896637
4.49902582169
4.31765890121
2.87891316414
3.90776896477
5.39931321144
4.69688796997
3.97049498558
4.52197098732
3.94847512245
3.63424110413
4.36851215363
4.43907094002
2.85859704018
3.90667295456
3.23185896873
3.96306300163
4.8158788681
4.82288789749
3.96107292175
3.60915994644
6.21459698677
4.36035513878
2.89256095886
3.93119287491
3.80504012108
3.23965406418
4.98041200638
4.79240298271
4.17946696281
3.59665989876
5.96237802505
4.40816617012
2.99579811096
3.51954889297
4.30959296227
4.37315893173
3.93617296219
4.52294898033
3.94542908669
3.6452460289
4.47331380844
4.31748390198
2.88650608063
3.52083587646
3.98887395859
4.6607439518
3.96822690964
4.52306294441
3.93761086464
3.62540602684
4.37532114983
4.44516611099
2.84811902046
3.90732312202
3.80306887627
3.65436196327
4.55579781532
4.81415510178
4.17572402954
3.61109781265
5.95220398903
4.41461277008
1.59550189972
4.20813894272
5.4000878334
4.72461795807
3.9278318882
4.53260302544
3.94667196274
3.64779090881
4.35400891304
4.44997501373
2.85218286514
3.89355587959
3.24805593491
3.96371293068
4.81916880608
4.79627799988
3.98690605164
3.81949114799
5.50758981705
4.86212706566
2.90275096893
3.89647507668
3.81887388229
3.24479985237
4.9763071537
4.79180288315
4.17068505287
3.6121931076
5.99973797798
4.37672114372
3.11067008972
3.83180880547
4.50445485115
3.93969202042
5.44967913628
3.55525398254
3.96363902092
4.30646419525
4.48728895187
3.29164910316
2.59308195114
4.34151697159
4.44733905792
3.91934299469
5.46952009201
3.77047181129
3.79777789116
3.90886282921
4.90670013428
3.23240423203
2.65886092186
4.34258985519
4.44494104385
4.07635211945
5.31316995621
3.77053189278
3.76054978371
4.39233398438
4.54219388962
3.15182995796
4.48913407326
4.16036701202
4.45504283905
3.94029307365
5.44941401482
3.55342793465
3.96352219582
4.31058287621
4.51825499535
3.26614403725
3.14983606339
3.8278260231
4.61511397362
3.97938084602
5.31424808502
3.55287098885
3.99735498428
4.35847496986
4.53771209717
3.15846204758
2.88089203835
3.90804600716
5.56177783012
4.53452682495
3.96237492561
4.52763199806
3.966755867
4.0983569622
6.36210489273
3.06030201912
3.11755800247
3.5260310173
3.99531698227
4.65506291389
4.13050603867
4.39409089088
3.91907382011
4.11678981781
6.33919000626
3.0993719101
3.85561108589
4.06307697296
6.76975798607
4.36029911041
4.88782596588
4.0523519516
3.27077293396
4.4620308876
5.04704189301
2.75573801994
3.15189790726
4.29329395294
5.9813709259
4.15771794319
5.00829100609
4.28121995926
3.47016596794
4.2798948288
4.40778303146
3.11689710617
3.16903805733
4.22599506378
4.6619720459
4.22467088699
4.71891593933
4.3417570591
3.58054113388
4.23805212975
4.45044016838
3.1186311245
2.60438418388
4.34061098099
6.64791202545
3.85441088676
5.0453209877
4.27315998077
3.48109698296
4.25845599174
4.45072889328
3.09728908539
2.68737006187
4.34033989906
4.55274701118
6.0277929306
4.96783804893
4.27604317665
3.47207903862
4.22221398354
4.41338610649
3.17787599564
2.69791579247
4.34502291679
6.37656497955
4.2858941555
4.75216817856
4.42063617706
3.47513794899
4.27990984917
4.4273250103
3.10014915466
3.16529202461
4.22409009933
4.62255001068
4.14368510246
5.00601196289
4.27228212357
3.47798299789
4.18041300774
4.46705198288
3.16229295731
4.0382039547
4.12991881371
4.449696064
6.12390685081
4.96743798256
4.28004693985
3.46811914444
4.18415808678
4.83845996857
2.80303621292
2.57088303566
4.34772801399
6.37285804749
4.28514790535
4.72346591949
4.3330681324
3.58931994438
4.27919101715
4.51624393463
3.02173805237
3.17975687981
4.22524499893
4.67169094086
4.21658396721
4.74526810646
4.32318115234
3.5849609375
4.28005003929
4.40753602982
3.13770914078
2.67073082924
4.65228199959
6.06519508362
4.2787759304
4.7552280426
4.42035007477
3.47960400581
4.26173996925
4.38368797302
3.18775105476
3.78551721573
3.23163199425
3.96253800392
4.81547403336
4.82232189178
4.20121788979
3.56904792786
5.51210308075
4.85367798805
2.67015790939
3.79757404327
3.80196809769
3.65296006203
4.55328178406
4.81130003929
4.1724588871
3.38579392433
6.22607803345
4.32426905632
2.72734498978
6.10493397713
4.32519102097
4.65537285805
4.13157606125
4.39069700241
3.91896510124
3.64462709427
4.47402501106
4.27017807961
2.73129320145
6.08252191544
4.31554508209
4.6554069519
4.13657402992
4.39036989212
3.91198706627
4.11758303642
4.00705313683
4.30752801895
2.6735959053
4.97976994514
3.91000699997
3.24314594269
4.9787530899
4.77691507339
4.20401215553
3.5071079731
6.04567098618
4.36904907227
2.73365092278
6.05494189262
4.6266040802
4.34919714928
3.96757078171
4.52260804176
3.96019482613
3.6099820137
4.3658452034
4.44991707802
2.67790794373
5.0539791584
3.33438491821
4.89376091957
4.144947052
4.55711698532
4.20227980614
3.64925098419
5.87702918053
4.40765786171
2.69378805161
4.99870991707
3.33457303047
3.96312093735
4.81424999237
4.80543494225
4.22833180428
3.48354005814
5.6008450985
4.84269499779
2.69375801086
6.06998491287
4.31736922264
4.68532109261
3.93102192879
4.52439594269
3.95934891701
3.61280798912
4.49149894714
4.32909703255
2.69462108612
3.78597211838
5.56138014793
4.55977797508
4.0987842083
4.39518094063
3.93112492561
3.62106609344
4.34913015366
4.45969581604
2.69801712036
3.7479929924
4.99235701561
5.79279494286
4.2056210041
5.11681890488
4.05701589584
3.27061605453
4.83319997787
5.98734593391
2.88418579102
3.79928612709
4.48147797585
6.37972593307
4.32817602158
4.89254999161
3.86737084389
3.53017997742
7.30131411552
3.33314990997
3.01026701927
2.61337399483
4.41198992729
6.78970885277
4.32195186615
4.89354014397
3.85741710663
3.65559220314
6.88069295883
3.39037895203
3.26345396042
2.41741895676
4.18164801598
4.22879695892
6.74360799789
5.16299581528
3.86697793007
3.6453359127
4.64591813087
4.67334985733
4.2188038826
3.36795210838
5.84886789322
5.10935711861
4.22826194763
5.22216510773
5.49234080315
3.56195902824
4.73850297928
3.80908894539
3.12151908875
2.04299402237
4.16360497475
6.84272503853
4.35784196854
4.88611292839
4.07062911987
3.34439301491
6.9856159687
3.38853812218
3.27799296379
6.90040707588
4.18264985085
4.07744288445
5.46482014656
3.5541369915
3.96321606636
3.93563890457
4.9135529995
3.23706388474
3.18567109108
2.03311300278
3.92764592171
4.48410081863
6.70459604263
5.33410286903
5.43725395203
5.40651798248
5.15592002869
2.94027209282
3.06229496002
2.74990010262
3.89063000679
5.91845011711
7.61287808418
3.14569091797
3.65355992317
4.51078701019
5.1429541111
3.01028800011
2.98528504372
2.76015806198
3.5118458271
6.16585588455
5.1223950386
4.99170589447
4.39770102501
4.75954198837
4.88768911362
3.05049300194
2.9861638546
4.43613505363
4.08642411232
3.96550107002
5.06852412224
5.797976017
3.6271071434
4.51256895065
5.10236287117
2.98151612282
3.06259703636
4.09196186066
4.51224708557
6.45648312569
4.72513389587
4.36485910416
5.03074502945
4.87567806244
4.52522206306
3.30845499039
2.6217648983
2.72314310074
6.27820920944
4.68594694138
4.73488688469
4.41298317909
4.98624587059
5.25185704231
4.14334797859
3.30738019943
2.61932182312
4.08574414253
6.26160407066
6.77374482155
5.14231610298
3.86286997795
3.53137898445
4.39023208618
5.04742193222
2.77603197098
2.62112307549
3.82556295395
6.07334685326
6.74640107155
5.06251597404
4.26293802261
5.42505407333
4.29105377197
4.56885504723
3.27976894379
2.61032485962
8.31879901886
5.03416800499
4.0093421936
4.98187685013
4.28224182129
3.46845197678
4.18139410019
4.51841616631
3.13018298149
2.55403184891
4.97723603249
4.01106905937
4.98249983788
4.27612280846
3.47287297249
4.18424105644
4.50482988358
3.11746501923
2.57703900337
8.3406419754
5.01184892654
3.9815530777
5.00759291649
4.28048396111
3.46631193161
4.2821598053
4.73302602768
2.78833007812
2.56109118462
8.30083680153
5.03381204605
4.12724995613
4.7050011158
4.34447979927
3.57966995239
4.27968001366
4.40931797028
3.13011407852
2.56896519661
3.73931002617
4.22210693359
6.16881513596
7.36270999908
3.22334599495
6.22658801079
3.98468899727
4.86899709702
2.58771300316
2.41635799408
3.50862598419
3.62207388878
4.60079813004
6.46218109131
5.45733189583
5.43599414825
5.62680196762
6.54943394661
2.81207108498
2.4654250145
4.97888493538
4.79104399681
4.17106795311
3.39642810822
6.2043659687
4.3660428524
2.67267513275
1.49586987495
0.75505399704
4.82751202583
6.84149312973
4.35775494576
5.22564792633
5.39902091026
3.65726494789
4.72242999077
3.67435193062
3.26987695694
1.9468319416
1.41202902794
4.4131000042
6.97173309326
6.49757099152
4.4146900177
5.63940310478
4.64193201065
5.98960900307
2.89685678482
1.95271205902
2.70422291756
6.29492092133
6.74466395378
5.13718795776
3.86475396156
3.5285179615
4.76708698273
4.67566299438
4.21566605568
1.95282912254
4.03471398354
6.27480196953
4.89926099777
7.11288809776
5.64182686806
3.64919185638
4.66685891151
3.87529611588
3.11750483513
1.95488190651
4.14717006683
6.28729391098
4.66766691208
5.19507694244
4.0931699276
4.84259319305
4.87666797638
5.04869890213
4.22546887398
1.95129203796
3.83080387115
4.22769188881
5.87814021111
7.62494087219
5.85203313828
3.75980806351
6.63456702232
3.22012114525
2.98692989349
1.47497200966
3.75746297836
3.73792004585
6.237626791
5.16137003899
5.74352407455
6.67254590988
6.60087490082
3.01101493835
2.9896440506
1.47386097908
3.75810885429
3.80641198158
6.14935088158
5.17957782745
5.71652197838
6.7074868679
6.3354279995
3.20520687103
3.06920003891
1.47512602806
3.31858086586
3.59403014183
4.71726608276
6.66242790222
7.29742503166
7.25009512901
6.45507383347
3.17281603813
2.995210886
1.4788711071
3.65236401558
3.80654096603
6.17028093338
5.15003800392
5.72208690643
6.6895699501
6.43692803383
3.17495799065
2.99425506592
1.48009109497
3.5156109333
3.60068297386
4.87362313271
6.50572514534
7.29702401161
7.25235795975
6.57044506073
2.98466992378
3.07053112984
1.477435112
3.03299689293
3.62582397461
4.63005805016
6.72533392906
7.29519701004
7.2507481575
6.34025096893
3.2761619091
2.99231600761
1.47835302353
4.44107794762
4.28556799889
6.44554209709
5.00964307785
5.85958981514
3.77365493774
6.97785210609
2.87504887581
2.98649406433
1.47635102272
3.75592899323
3.74154496193
6.2220249176
5.18346977234
5.70668292046
6.69776201248
6.60335493088
3.01413798332
2.98620414734
1.48117613792
3.76007699966
3.81304001808
6.14884710312
5.13834810257
5.76446914673
6.68326687813
6.62553906441
3.05186319351
2.95422101021
1.48580479622
3.81798696518
3.81014513969
6.58092713356
7.32065415382
5.86693716049
5.66440987587
4.66100692749
3.32112407684
2.95029401779
1.49187994003
10.1794269085
4.66994905472
4.73511791229
4.36949110031
3.81211090088
4.15376591682
6.456179142
3.28571009636
2.64572095871
1.35899591446
4.03647208214
6.26633381844
6.75809979439
5.48192405701
5.46446800232
4.04919791222
6.50537919998
3.2377679348
2.65880513191
1.35716414452
10.1627027988
6.72093701363
5.16646099091
4.05253601074
3.36072611809
4.74168395996
4.19265985489
3.25857591629
2.61937904358
1.35859107971
4.12742400169
6.2677500248
6.7403459549
5.17117094994
4.07020497322
3.255453825
7.37057089806
4.93161892891
2.61083102226
1.35634803772
4.09882688522
6.26781010628
4.69585990906
5.02299904823
4.13353705406
4.97706985474
7.78837585449
4.90947413445
2.63043999672
1.35697889328
4.96395993233
3.73143100739
6.69451904297
7.33355784416
5.89411997795
5.41921210289
4.8772418499
3.31657099724
3.83427095413
1.16288399696
10.145483017
6.76528000832
5.47445392609
5.33608412743
3.71792912483
4.67076897621
3.72538614273
3.25462293625
1.96132397652
0.980866909027
6.5365049839
7.50921607018
4.21342992783
4.49923086166
5.11405897141
3.05376291275
2.98399686813
1.46892905235
0.965607881546
7.26106190681
4.61873698235
4.8518140316
7.23752522469
7.25885605812
6.58334708214
2.9395160675
3.05952095985
1.47132396698
0.962750196457
9.87615990639
6.45456600189
5.04605484009
5.862885952
5.38994288445
5.1743850708
3.01433706284
2.98666596413
1.48708701134
0.963291168213
9.8620660305
6.44996118546
7.60995078087
4.20698094368
4.48768305779
4.90163779259
3.2763068676
2.98627781868
1.47119903564
0.964761018753
7.21864199638
6.79761981964
7.3421587944
5.88270998001
5.39150094986
5.13186216354
3.05668902397
2.98913693428
1.47393298149
0.970299005508
7.23592114449
6.34741306305
5.17678403854
5.70449590683
6.69442391396
6.54176282883
3.0949921608
2.95652008057
1.47207283974
0.966287851334
9.75656199455
6.56693887711
5.47269797325
5.43813300133
5.40835595131
4.88774394989
3.28058099747
2.99344301224
1.47851109505
0.971991062164
9.90744304657
6.72234010696
7.29196310043
4.20617198944
4.50065803528
4.99291801453
3.21407699585
2.94884586334
1.47207283974
0.975636005402
7.22034716606
6.79079699516
7.32885789871
3.12715697289
6.70530796051
6.54533791542
3.09411001205
2.9548830986
1.47412204742
0.968362808228
4.07916092873
4.65983510017
6.74833416939
7.26602697372
7.25656080246
6.42485785484
3.17537713051
2.99277091026
1.48435091972
0.978536128998
10.1747198105
6.7466211319
5.14445400238
3.85801506042
3.54115581512
7.30463790894
4.91806507111
2.62042784691
1.36805486679
0.956662893295
4.41617512703
4.31540107727
6.72259902954
7.28530907631
7.25826907158
6.31703090668
3.3169298172
3.83644795418
1.16353702545
1.16614580154
6.58679008484
7.46410012245
7.25940299034
6.42796611786
3.10318589211
3.06681799889
1.47030591965
0.974425077438
1.26018285751
9.89601492882
6.72437691689
7.28198099136
7.24879002571
6.31832718849
3.20758509636
3.06889295578
1.47456908226
0.977782011032
1.25868201256
9.90759301186
6.7257668972
7.29502892494
7.24871516228
6.3229739666
3.27991485596
2.98953008652
1.47935795784
0.979962110519
1.25840687752
9.90035605431
6.74680805206
7.27833819389
7.2470510006
6.54469299316
3.05369901657
2.98699498177
1.47202801704
0.964168071747
1.25991892815
