0.875320196152
2.38218617439
2.31472110748
2.31164312363
2.95727300644
2.07480096817
2.54035806656
2.45302891731
1.57507014275
2.01386117935
1.48888993263
3.33172702789
2.05426621437
2.79672384262
2.40014791489
2.49853515625
1.91912317276
2.00770711899
2.02430105209
1.59108781815
2.04915213585
2.64984607697
1.32248902321
2.89997601509
2.20964193344
2.64395093918
1.93284606934
1.85160708427
2.02364897728
1.58913016319
2.26062107086
2.70339488983
1.32206606865
3.04951906204
2.08050107956
2.62364387512
1.91355109215
1.86989092827
2.0233039856
1.58993697166
1.70928192139
2.23080396652
2.47570014
2.83430504799
2.08386707306
2.51568078995
2.43418288231
1.39391899109
2.1942961216
1.60325813293
2.53972911835
2.31289792061
2.28590989113
2.90417313576
2.16313695908
2.57795500755
2.40889310837
1.39588785172
2.19004607201
1.60562992096
2.05205202103
2.47014784813
2.12692594528
2.94243192673
2.12345123291
2.53192400932
2.45040202141
1.39524698257
2.19343686104
1.60724306107
2.03484416008
2.47329306602
2.12701296806
2.98381304741
2.07291889191
2.55876088142
2.43598413467
1.39631009102
2.19162201881
1.60664010048
1.83321619034
2.43419909477
2.14817786217
2.9894888401
2.04349589348
2.5545759201
2.43742489815
1.3966588974
2.19150185585
1.61363482475
2.36615610123
2.30352592468
2.28993606567
3.01795315742
2.03967905045
2.58427190781
2.40827298164
1.39856004715
2.18945908546
1.61668491364
2.42408299446
1.86066293716
2.34266400337
2.94531202316
2.22315096855
2.38471603394
2.29908180237
1.42864394188
2.18668603897
1.61289000511
2.3671298027
1.90013289452
2.34157204628
2.95212316513
2.14366698265
2.4583029747
2.29834413528
1.42750716209
2.1883559227
1.61334705353
2.47429513931
2.29765200615
1.94209504128
2.96620607376
2.74596405029
1.83602309227
2.30591797829
1.64072608948
1.97754311562
1.60774898529
2.47186994553
2.3010559082
1.92939305305
2.9772901535
2.61054801941
1.94036507607
2.34798908234
1.64235901833
1.97616386414
1.60981798172
2.90076804161
2.29889798164
2.08831906319
2.83740496635
2.73753190041
1.84785199165
2.30850720406
1.64234685898
1.97869300842
1.6096971035
2.60735201836
2.29992413521
1.95050907135
2.95444417
2.60885715485
1.94399404526
2.34451794624
1.64326095581
1.97903490067
1.61090612411
2.45554304123
2.29695892334
1.94048500061
2.97802495956
2.59974908829
1.94344806671
2.34476280212
1.64059209824
1.97774600983
1.60749101639
2.51741409302
2.30262494087
1.92640089989
2.99681615829
2.59617710114
1.94191503525
2.34700012207
1.64346790314
1.97768306732
1.61579704285
2.51116299629
2.29805994034
1.93115186691
2.98711490631
2.60093593597
1.94069099426
2.3478269577
1.64193987846
1.97729206085
1.61385989189
2.61004805565
2.29701495171
2.08662199974
2.82348704338
2.7471909523
1.83552193642
2.30562114716
1.64255619049
1.97748804092
1.61772799492
2.4979031086
2.30045294762
1.95427203178
2.96656918526
2.60042500496
1.94523191452
2.34419894218
1.64244914055
1.97782206535
1.61537790298
2.30178809166
1.95813083649
2.95401310921
2.61370778084
1.93890213966
2.3470621109
1.64241194725
1.97811698914
1.62192583084
2.53913283348
2.29588603973
1.94376587868
2.96759700775
2.60761809349
1.94598913193
2.34342813492
1.64348888397
1.97894215584
1.62666916847
2.01133012772
2.64840388298
2.43173789978
2.88216519356
2.73625302315
1.74752020836
2.33114790916
1.84682893753
1.76996898651
1.93770503998
3.02463197708
2.04488611221
2.95821118355
2.54305386543
2.49125909805
1.82969880104
2.1339931488
1.85817885399
1.75768709183
1.93779802322
3.00204396248
2.03079915047
2.95012593269
2.54855895042
2.48503518105
1.77477407455
2.19946289062
1.85841798782
1.75773000717
1.9376540184
2.05699920654
3.92792201042
2.40108513832
2.31836509705
2.72572898865
1.75984501839
2.20542120934
1.85834097862
1.75750088692
1.9380440712
3.16524910927
3.04819393158
2.65993905067
2.42971992493
2.65844702721
1.92370009422
2.05981302261
1.8580160141
1.75679683685
1.92615795135
2.53169989586
3.04708695412
2.65596008301
2.4345459938
2.65545797348
1.92912197113
2.0546939373
1.85775899887
1.75764203072
1.92565488815
2.41654109955
3.04613995552
2.64162802696
2.44340491295
2.65916109085
1.92355418205
2.05847907066
1.85739994049
1.75634598732
1.92627811432
2.77112102509
3.08100104332
2.6217508316
2.47101211548
2.65449786186
1.94408202171
2.03932094574
1.85835003853
1.75724697113
1.92641592026
1.87556815147
3.24588418007
2.61531281471
2.47875905037
2.64528894424
1.9257209301
2.06029891968
1.85776805878
1.756472826
1.93302798271
2.51089000702
3.04926395416
2.63607907295
2.4478468895
2.64589619637
1.92617917061
2.05880594254
1.85775899887
1.75640201569
1.93244290352
1.85611891747
2.19194293022
1.95953392982
3.15457391739
3.49581408501
1.92302083969
2.00567889214
2.02458906174
1.59143900871
1.891726017
2.73728108406
2.29648804665
2.08752393723
3.02594804764
3.49269104004
1.91582512856
2.00814318657
2.02530002594
1.5913040638
1.89125490189
1.92734384537
2.19598889351
1.92833185196
3.17526102066
3.50033092499
1.9129319191
2.0077791214
2.02475500107
1.59148693085
1.89145708084
2.04302096367
2.6523039341
2.48790311813
2.82886791229
3.76065707207
1.91945910454
1.85850095749
2.02119803429
1.58896279335
2.06346893311
2.01033306122
2.64903712273
2.48699188232
2.95373606682
3.63327097893
1.93236279488
1.85238599777
2.02226686478
1.58825206757
2.06280016899
2.4555709362
2.6969139576
2.43385195732
3.00636601448
3.63608193398
1.91496777534
1.86297392845
2.02243590355
1.58881402016
2.06390380859
2.2484858036
4.67581176758
2.45064520836
2.03331208229
2.6222319603
1.91340899467
1.87099814415
2.0224480629
1.58934283257
2.06459212303
1.55065894127
2.5603659153
2.43589305878
2.89290714264
3.74551796913
1.93399906158
1.85201191902
2.02458405495
1.58827400208
2.07064604759
1.95765519142
2.65475392342
2.43216514587
3.00515794754
3.63580989838
1.91980409622
1.85814595222
2.02156090736
1.58669185638
2.0732820034
2.04359102249
2.64676880836
2.43297505379
2.98519182205
3.75367903709
1.83962702751
1.85110902786
2.02223992348
1.58711791039
2.07422995567
1.99011492729
2.64367818832
2.4855389595
2.93143105507
3.6591591835
1.91166996956
1.87237286568
2.02105593681
1.58864116669
2.06997084618
2.14300489426
2.65198493004
2.43331313133
2.88083386421
3.85887312889
1.81393909454
1.87218999863
2.0217590332
1.58795714378
2.07671189308
3.01485204697
2.03433585167
2.94801592827
2.33385109901
3.5743970871
2.41286897659
1.39625287056
2.19130802155
1.60475301743
1.86620497704
1.70934915543
3.4805161953
2.75291204453
2.31527781487
3.59505701065
2.40769410133
1.39533901215
2.18763899803
1.60333895683
1.86785888672
3.09431600571
2.04113292694
2.94218015671
2.34749817848
3.69896101952
2.29228997231
1.39563393593
2.19168615341
1.60553693771
1.86872792244
2.76897406578
3.93044114113
3.65723800659
2.11606502533
2.53991603851
2.40730190277
1.57466197014
2.01428294182
1.61404204369
1.86643409729
1.95808315277
3.83256196976
3.57736611366
2.16435909271
2.55996394157
2.42657780647
1.57164788246
2.01225399971
1.6058781147
1.875041008
2.41982698441
3.55088210106
2.78361296654
2.30624985695
3.72748017311
2.28537797928
1.57334089279
2.0124001503
1.60693192482
1.87354397774
3.55352282524
2.75913906097
2.34917998314
3.56992578506
2.41109895706
1.39639902115
2.18974685669
1.60562992096
1.87471795082
3.097687006
2.03084897995
2.96082282066
2.32264518738
3.69808197021
2.28914880753
1.39488816261
2.18874406815
1.60561418533
1.87869381905
3.01238322258
2.03146195412
2.94800400734
2.33290600777
3.69967412949
2.28692698479
1.57140398026
2.01316809654
1.60288596153
1.88066601753
1.85360503197
3.50820183754
2.76999187469
2.33551597595
3.70419096947
2.28248691559
1.39741611481
2.18941998482
1.61100101471
1.88064217567
2.64006519318
3.08373498917
2.67735695839
2.40670704842
3.62400007248
2.30099105835
1.42632007599
2.18941903114
1.61317896843
1.86968278885
2.38642787933
3.0832901001
2.61957907677
2.4633409977
3.63031315804
2.30077815056
1.42726206779
2.18881511688
1.61249494553
1.86951589584
2.64779305458
2.41699004173
3.02589201927
3.72798991203
2.9595849514
1.84681200981
1.76986503601
1.93774986267
1.37721300125
