2.95529198647
1.59150004387
3.61384892464
2.60179185867
3.24164199829
3.17984008789
3.06430101395
3.30690407753
2.62827396393
2.41654896736
2.34560513496
2.90356087685
3.38225698471
2.56505799294
3.6900908947
2.72435498238
3.21342086792
3.32193899155
2.61123991013
2.42002296448
2.97410202026
1.59166812897
3.68687391281
2.52489805222
3.24147200584
3.18294906616
3.21312093735
3.15529108047
2.62121295929
2.42705512047
2.95805001259
1.59431505203
3.68686294556
2.52392101288
3.5449359417
2.73684716225
3.38875794411
3.12542104721
2.62232899666
2.42965102196
3.40321207047
1.82673978806
3.36707901955
2.69980716705
3.75556397438
2.72164297104
2.93130087852
3.72850584984
1.84449410439
2.36147999763
1.91499710083
2.73949599266
3.49077892303
3.07316684723
3.6117939949
2.62794017792
2.93097782135
3.71390199661
1.84940505028
2.3703289032
3.37099790573
1.83247685432
3.36001992226
2.70136809349
3.68231201172
2.70950198174
3.01735210419
3.72670984268
1.84702706337
2.36656808853
3.39062023163
2.746571064
3.47543787956
2.86835408211
3.90042591095
2.55181097984
2.9435801506
3.71152114868
1.84603309631
2.36469006538
3.37350988388
1.82686305046
3.36266803741
3.53817796707
3.15188097954
2.4806330204
2.94494485855
3.69971394539
1.87814593315
2.37040901184
3.07301402092
1.82403588295
3.36283302307
2.69729995728
3.68138289452
2.71046209335
3.02011179924
3.68204283714
1.87870693207
2.37157988548
1.92991399765
2.75420403481
3.46902918816
2.8717110157
3.71037888527
2.80229711533
2.87446808815
3.68421196938
1.87367200851
2.37717294693
3.40135598183
2.74778199196
3.4971818924
2.8434407711
3.83626008034
2.6722779274
2.88560795784
3.72257900238
1.8446700573
2.3765630722
3.39854502678
2.74687004089
3.61567592621
3.53721499443
2.98590302467
2.6500351429
2.94035100937
3.72656202316
1.84832811356
2.38235592842
3.23135304451
2.74725198746
3.61272597313
2.69857001305
3.84784221649
2.62080216408
2.94018411636
3.71003389359
1.84811687469
2.36410999298
3.36878800392
1.83171606064
3.35755491257
2.69923496246
3.93463015556
2.57749605179
2.89766693115
3.71267199516
1.84591507912
2.38624095917
3.44268393517
2.7472422123
3.61549687386
2.69935393333
3.84980607033
2.67015600204
2.89165496826
3.72820711136
1.8501970768
2.38876914978
1.853495121
2.73882603645
3.6143181324
3.53580403328
2.9989259243
2.64331507683
2.93507480621
3.68462610245
1.87332391739
2.38762712479
3.40376520157
1.8249809742
3.36621189117
2.69931101799
3.75586080551
2.76650595665
2.88842201233
3.72762203217
1.84959816933
2.3896150589
3.36978507042
1.82338619232
3.36621117592
2.70120501518
3.93272304535
2.58588290215
2.87922406197
3.72366905212
1.84532403946
2.39416694641
2.40445280075
2.68385887146
3.61616301537
2.70107102394
3.75811195374
2.77415800095
2.88019514084
3.73054814339
1.85049796104
2.38947296143
1.8742210865
2.73670101166
3.61313199997
2.69839215279
3.75116991997
2.71927595139
2.93927598
3.71406602859
1.84707307816
2.39043998718
3.2787528038
2.74571108818
3.47060704231
3.09817504883
3.51757502556
2.77291989326
2.87982177734
3.70169997215
1.87856793404
2.39341402054
1.90896487236
2.74126982689
3.61378312111
2.69879579544
3.93081212044
2.54445505142
2.93455219269
3.71339511871
1.84174799919
2.37647199631
2.51261281967
2.72479009628
3.23431301117
3.54121303558
3.16808414459
2.910364151
3.0438439846
3.06478905678
2.65122103691
2.27184605598
2.47669792175
2.85442185402
3.19275593758
3.15462303162
3.56495404243
2.88837790489
3.04308390617
3.06496691704
2.67175602913
2.25335407257
2.44675397873
2.70588493347
3.39087796211
3.22718405724
3.43194198608
3.19655299187
2.75476408005
3.11787509918
2.62164306641
2.25787878036
2.95822000504
2.62692904472
3.38968205452
3.11079192162
3.56512618065
3.21123290062
2.71762609482
3.0643658638
2.66978192329
2.25746107101
3.59471893311
2.93705511093
3.18762898445
3.17270183563
3.54898309708
3.21196913719
2.70840907097
3.14771389961
2.60484194756
2.27928209305
2.80088591576
2.93333005905
3.2240228653
3.28704309464
3.46287512779
2.8769159317
3.04315304756
3.13445401192
2.6157181263
2.26421189308
3.60329008102
2.90091490746
3.22868895531
3.54847192764
3.19776105881
3.20118093491
2.71847701073
3.06102705002
2.6627240181
2.27918887138
2.99975800514
2.76758408546
3.74265503883
2.98821401596
3.16544985771
3.22214508057
2.72761297226
3.12232518196
2.62970399857
2.2616751194
3.01398801804
2.62235999107
3.2386739254
3.17289590836
3.57653903961
3.16337299347
2.75795984268
3.06270313263
2.68754887581
2.26592493057
2.54194521904
3.03945279121
3.23297595978
3.27554392815
3.4502120018
3.17641305923
2.75536322594
3.06059098244
2.68802881241
2.26986598969
1.95680594444
1.57346701622
3.70300388336
3.11330389977
3.57818603516
3.20035600662
2.71739292145
3.13610291481
2.59318900108
2.2876701355
4.23039293289
2.83656287193
2.95706987381
3.28268098831
3.46569991112
3.16507601738
2.75499391556
3.1321439743
2.61445903778
2.27693891525
2.95685005188
2.62805390358
3.38922905922
3.11413311958
3.54570603371
3.23083496094
2.72066497803
3.06575012207
2.66985201836
2.27988314629
3.49200797081
2.55735111237
3.8755261898
3.66912412643
2.69991898537
3.21572208405
2.92514896393
3.05696606636
2.59665393829
2.39515089989
2.799077034
3.2387740612
3.42507696152
3.38728094101
2.72382712364
3.24389696121
3.04190397263
2.92936491966
2.59090709686
2.406509161
2.9686319828
2.53095698357
3.89571094513
3.51186013222
2.84866499901
3.21571207047
2.93090510368
3.05561208725
2.59217786789
2.40861201286
3.31091403961
2.30400490761
2.7404460907
3.48207497597
2.9335770607
3.30922102928
2.78836798668
2.73709797859
2.8612408638
2.41094994545
3.33564996719
2.15376210213
2.90069198608
3.45821499825
2.94607686996
3.26518201828
2.84518003464
2.73999595642
2.86051082611
2.42416596413
3.34534192085
2.15444803238
2.94845890999
3.35340595245
2.99767398834
3.41042709351
2.69888401031
2.74574589729
2.85525798798
2.42086601257
2.82296180725
4.59011602402
2.36111998558
3.56775093079
3.04274392128
3.30867695808
3.3691868782
2.42470598221
2.59256291389
3.03679800034
2.7670519352
4.62141990662
2.33694005013
3.57788991928
3.05141687393
3.14362502098
3.38641810417
2.56806111336
2.59555792809
3.03756999969
3.38029313087
2.71314787865
3.24130105972
3.18088293076
3.24967694283
3.47877001762
2.50840497017
2.18135786057
3.06011199951
3.11669588089
3.40646219254
2.83566093445
3.08378481865
3.18089485168
3.05861997604
3.67079305649
2.50663208961
2.17261600494
3.06504893303
3.19010591507
3.38662385941
2.85791516304
3.08754611015
3.18123602867
3.2296230793
3.49997782707
2.50442814827
2.18414211273
3.06824994087
4.38223791122
3.40881896019
2.68784499168
3.23885512352
3.02750301361
3.40333795547
3.13311600685
2.63527297974
2.43118596077
3.05136179924
3.19633483887
3.40268492699
2.69374608994
3.23806190491
3.01212406158
3.23133897781
3.30742001534
2.64155292511
2.4226500988
3.05953383446
3.18397402763
3.4065990448
2.68552708626
3.2394900322
3.02797889709
3.21475100517
3.32114696503
2.62404894829
2.40488886833
3.06381988525
3.15955901146
3.38424491882
2.70704817772
3.54320883751
3.00170087814
3.10301804543
3.14425992966
2.64815306664
2.39703702927
3.07244181633
3.18589997292
3.38539409637
2.70633101463
3.23734116554
3.30476284027
3.09619903564
3.16363787651
2.60817193985
2.45476102829
3.05703902245
3.10600996017
3.3794939518
2.86209416389
3.09078907967
3.30388689041
2.93792104721
3.312759161
2.63337302208
2.41409611702
3.0732820034
3.17908191681
3.38181185722
2.71577692032
3.2387919426
3.04014396667
3.36282992363
3.51323795319
2.50509405136
2.20642995834
3.06572794914
4.56614398956
3.65989089012
2.84751701355
3.73651599884
2.72184419632
2.93235588074
3.71694397926
1.84242415428
2.36546993256
3.09078907967
3.35084009171
3.63915395737
2.86857199669
3.73553586006
2.72120809555
2.93080282211
3.71159291267
1.84588694572
2.38054490089
3.09068083763
3.68735289574
4.15733480453
2.88604807854
3.488093853
4.33651804924
3.74398899078
3.23233580589
2.44868397713
2.26538300514
3.07112789154
3.58689308167
3.68351697922
3.31493115425
3.5055141449
2.94804906845
3.46785998344
3.62749195099
3.63394594193
2.34450507164
3.07331705093
3.60274004936
4.12807703018
2.88572502136
3.50026702881
2.9253180027
3.22088694572
3.88506317139
3.64137196541
2.33114099503
3.07439684868
3.72398495674
3.70311713219
3.22335100174
3.46231484413
3.19206094742
2.72657012939
3.11715292931
2.62442111969
2.26105308533
2.7809689045
3.72860813141
3.70294618607
3.4916229248
3.20059418678
2.8765141964
3.02503609657
3.15812706947
2.61475801468
2.26111078262
2.7812640667
3.09487891197
4.72008919716
3.62337207794
2.74801802635
3.21926212311
2.93204283714
3.05069494247
2.60303807259
2.39642715454
2.80496811867
3.56390404701
3.71915102005
3.31891298294
3.55576920509
3.30481815338
3.78386998177
3.13832116127
3.68741703033
2.82266116142
2.0081410408
3.7770409584
3.68543601036
3.32957482338
3.54296994209
3.14980196953
3.76113700867
3.21389508247
3.80063700676
2.82203912735
2.00969982147
4.55410885811
3.51409816742
2.79887914658
3.44964814186
3.27956700325
3.37435507774
3.12622499466
3.67697000504
2.83323097229
2.00529694557
4.36364889145
3.73933315277
2.81982898712
3.49579000473
4.39968800545
3.80295586586
2.73878717422
2.6760058403
2.65308213234
2.01328396797
2.92382693291
3.94126605988
3.3294479847
3.49979901314
4.31140112877
3.69026994705
3.28769493103
3.78637003899
2.8353998661
2.01786208153
1.65266799927
4.09794282913
4.62122297287
3.5837161541
4.55726003647
3.6899459362
3.13816714287
3.69679808617
2.82057595253
2.01356101036
3.72585487366
3.68561506271
3.32845211029
3.52386808395
4.45266819
3.78479385376
3.13183784485
3.67697405815
2.83778095245
2.01051306725
3.77116107941
3.6836411953
3.32000398636
3.54652190208
3.30467581749
3.78344798088
3.13892698288
3.68685984612
2.8223490715
2.01925206184
2.39949798584
3.80954813957
4.55426216125
3.59554290771
4.54726195335
3.67441892624
3.13620209694
3.69169688225
2.82413196564
2.02767205238
3.19263792038
3.94224691391
3.32200908661
3.51137113571
2.92371702194
5.13260889053
3.23220515251
3.79108595848
2.83543014526
2.02617001534
2.9304049015
3.95044183731
3.32929801941
3.52651190758
4.54821896553
3.67651605606
3.13962888718
3.67998099327
2.83515095711
2.02822184563
5.78330612183
3.4922170639
2.66478610039
3.65910506248
4.37746310234
3.82858395576
2.73558211327
2.5059530735
2.81944394112
2.02909588814
3.71999287605
3.68368983269
3.32846808434
3.50066280365
4.46771383286
3.77712798119
3.13679480553
3.67906498909
2.83530592918
2.03330016136
3.72660398483
3.6836950779
3.32382917404
3.53182506561
4.29838299751
3.70529603958
3.27048707008
3.79276895523
2.8227930069
2.0409579277
3.72931694984
4.12369012833
4.41304898262
3.623898983
4.3788330555
3.83021497726
2.73958206177
3.42221403122
3.07344484329
1.20578694344
1
5.52949595451
3.7605381012
2.64571785927
3.65599703789
4.37650585175
4.15789198875
3.48615789413
2.33815598488
3.07270002365
1.20541095734
3.75606918335
2.65019702911
3.6571700573
4.59957289696
3.78080105782
3.64258694649
2.33469605446
3.0718870163
1.21217393875
2.92426991463
4.39078617096
4.41645908356
3.62612104416
4.60311579704
3.79075813293
3.63502907753
2.33901906013
3.07541918755
1.21452784538
4.58080077171
4.54351115227
3.63343214989
3.37706398964
3.70991587639
3.1452999115
3.67333984375
2.81654787064
2.00594210625
0.68267416954
4.63827514648
4.54987192154
3.58271718025
4.56352305412
3.67544794083
3.13881206512
3.69652581215
2.81433796883
2.00635886192
0.682467937469
4.30664110184
4.83255004883
3.572712183
4.48900198936
3.7831299305
3.13822698593
3.66273808479
2.82607507706
2.0064098835
0.683015108109
4.54505491257
4.57461190224
3.57868289948
4.57953596115
3.68536615372
3.13825488091
3.65336513519
2.8364341259
2.02349090576
0.683814048767
4.5923910141
3.73014783859
4.48255300522
3.40077614784
3.67258501053
3.14172792435
3.6767539978
2.83412504196
2.04013514519
0.685477018356
3.78693604469
4.43815994263
4.46618700027
3.78192615509
3.13252210617
3.69554591179
2.81568694115
2.04168105125
0.687956094742
