1.24496507645
1.92575097084
2.13395595551
2.71830391884
1.71389198303
2.31326508522
1.62448191643
1.63352584839
1.75656294823
2.21725201607
2.51814293861
1.8099758625
2.26079201698
1.24106311798
1.85012698174
2.23972415924
1.62290596962
1.6457760334
1.75751781464
2.21695780754
1.88051080704
0.869574069977
2.75003480911
2.29204201698
2.12548279762
1.87211298943
1.7910630703
1.48934817314
2.10442900658
1.88145184517
1.80078101158
1.41200494766
2.10333609581
2.08745384216
1.87260389328
1.79040908813
1.50138497353
2.08273506165
1.90351080894
1.9415140152
2.45949792862
1.97991299629
2.1812081337
1.86987900734
1.81294202805
1.48886013031
2.04571795464
1.92206788063
1.86480307579
1.88979697227
2.45132088661
1.97877597809
2.18272995949
1.86937189102
1.81228208542
1.48947405815
2.04439783096
1.92131304741
2.34102702141
1.94769310951
2.45109391212
1.98543906212
2.17541003227
1.87042689323
1.81236815453
1.48930692673
2.04645180702
1.92246603966
2.26315498352
1.96816587448
2.50866389275
1.93502211571
2.17548489571
2.04608392715
1.63079380989
1.49008202553
2.04549598694
1.92263102531
2.37311887741
1.97460603714
2.45407009125
1.9840130806
2.17601108551
1.87013792992
1.81288218498
1.4904551506
2.0465760231
1.9284260273
1.86970806122
1.95997214317
2.45878696442
1.97698879242
2.18115901947
1.87060594559
1.81220316887
1.48865389824
2.04558992386
1.92831683159
1.79834794998
1.97385501862
2.45508384705
1.97670888901
2.1773660183
1.86914205551
1.81232905388
1.48820710182
2.04770183563
2.08800196648
2.6917347908
1.81770586967
2.26396417618
1.97200298309
2.16171503067
1.89315700531
1.82054495811
1.54399514198
1.94689297676
1.94365715981
1.92373085022
2.43335199356
2.19876384735
1.99821519852
2.37455892563
1.825111866
1.60800790787
1.56629896164
2.25736308098
1.83304190636
1.93460988998
2.43127298355
2.19711899757
1.99306607246
2.38056707382
1.82606506348
1.60770487785
1.5657491684
2.25764799118
1.83963108063
.86577701569
2.03182482719
2.20401787758
1.98338603973
2.37937021255
1.8278169632
1.60933089256
1.56765890121
2.25890111923
1.84085297585
2.02985191345
2.43906521797
2.20375394821
1.98734998703
2.37465214729
1.82608795166
1.60826206207
1.5666270256
2.25731301308
1.84097909927
2.43559503555
2.2197508812
1.96582913399
2.37548899651
1.8263220787
1.60838508606
1.5644659996
2.25769615173
1.83905100822
2.21487808228
2.26788783073
2.02144908905
2.3870370388
1.63569712639
1.60053491592
1.768419981
2.22781896591
1.64578008652
2.78750610352
2.19241905212
2.26698207855
2.03508901596
2.38669800758
1.63587594032
1.60072588921
1.76832914352
2.22782492638
1.64532208443
2.65661621094
2.20320510864
2.27954101562
2.03705787659
2.36954903603
1.63562107086
1.60067987442
1.768460989
2.22766804695
1.64540886879
2.56794095039
2.2044479847
2.28440403938
2.01684999466
2.38436293602
1.63511681557
1.60088396072
1.76840806007
2.22789907455
1.64611816406
2.57742595673
2.14026093483
2.71430897713
1.71352291107
2.31246089935
1.62350606918
1.63311195374
1.75576996803
2.21703195572
1.63522696495
2.73830795288
2.13500595093
2.72002696991
1.71239900589
2.31274795532
1.62389802933
1.63350296021
1.75597500801
2.21786093712
1.63519787788
2.64883995056
2.12532711029
2.64032411575
1.71669793129
2.39070796967
1.62371993065
1.63314390182
1.7558889389
2.21731805801
1.63467001915
2.72516012192
2.12667512894
2.72732400894
1.71220898628
2.31292104721
1.62374210358
1.63311910629
1.75605392456
2.21733808517
1.63947105408
1.24456214905
3.09191799164
1.77062487602
2.15860414505
1.89159488678
1.81789708138
1.54296994209
1.94666194916
1.9426472187
1.2403280735
2.31189489365
3.10461211205
1.7718539238
2.15730690956
1.89361715317
1.81768894196
1.54375100136
1.94645786285
1.94349098206
1.24090790749
2.63236784935
3.15700984001
1.76827287674
2.15862584114
1.89252781868
1.81948900223
1.54424190521
1.94735503197
1.94301199913
1.24205303192
2.30603599548
3.04843091965
1.79597187042
2.13747000694
1.89330005646
1.81805706024
1.54308891296
1.94522190094
1.94351100922
1.24123287201
2.53436493874
3.05203986168
1.78325796127
2.14913392067
1.89382886887
1.81939220428
1.54513382912
1.94780278206
1.94353103638
1.24773216248
2.71149396896
3.11454200745
1.76539707184
2.16064310074
1.89454293251
1.82049918175
1.54273605347
1.94763803482
1.94506287575
1.24887490273
2.78185892105
3.09031105042
1.76998496056
2.15816712379
1.8933930397
1.81810283661
1.54404902458
1.94863820076
1.94548296928
1.24890708923
2.46529507637
3.15282201767
1.7679040432
2.16021895409
1.89308190346
1.81899499893
1.54427218437
1.94632387161
1.94457507133
1.25080394745
2.51911401749
3.05579090118
4.10797405243
2.24227714539
1.6228749752
1.64600801468
1.7574660778
2.21688914299
1.61303591728
0.698140144348
2.54753899574
3.01714897156
4.10734605789
2.24468398094
1.62246608734
1.64606404305
1.75780200958
2.21736311913
1.61296486855
0.698386192322
