7.64833784103
5.47496008873
4.48172187805
4.3213019371
4.15514802933
3.20579910278
5.79270219803
3.39729118347
5.30606603622
4.71067690849
6.00941801071
7.71930885315
4.6839530468
4.07713985443
4.18149209023
4.20128512383
4.80122900009
3.36678409576
5.41641592979
4.60177707672
5.99075889587
5.23196196556
8.84495997429
6.350025177
6.23865604401
4.14853906631
4.80283904076
3.41319799423
5.30870294571
4.76957678795
7.10991215706
5.36612701416
4.38992714882
4.56373000145
4.04624390602
4.15297794342
4.7572619915
3.31403803825
5.3829228878
6.7249789238
7.26334190369
5.3619530201
4.39658904076
4.56546187401
4.34010696411
4.31137800217
5.98602390289
4.58909797668
4.55306720734
4.63574886322
7.63624882698
5.47729206085
5.04053783417
6.67929887772
3.02489590645
5.19264388084
3.79691314697
4.47399091721
4.48029518127
4.70587491989
5.48925995827
8.408162117
4.99424791336
5.50937104225
3.83286905289
5.28275918961
3.71677994728
4.41602087021
4.60634183884
6.48379993439
11.166973114
4.84012389183
3.40362405777
4.26443600655
3.72079491615
2.88592290878
6.10168194771
4.46492505074
4.49392199516
6.55813097954
2.48925709724
10.0935921669
5.47402906418
5.98526287079
3.69966697693
2.90792012215
5.96369814873
4.54808616638
4.54722189903
6.65336799622
7.11850094795
5.3613140583
4.70468902588
4.15549993515
4.17533802986
4.10250997543
4.85189199448
3.5241060257
5.24388599396
8.65181803703
7.12797808647
5.40106415749
4.44064593315
4.3705470562
4.4722328186
6.7023601532
5.23099899292
5.49978089333
6.60543179512
4.35518121719
10.0705850124
5.01782083511
3.95995116234
3.95662307739
2.82360601425
4.24619793892
5.32307004929
5.28912496567
6.71645092964
4.36159896851
11.158219099
4.15499401093
6.27522397041
4.02960205078
4.20670890808
4.76600408554
3.29844498634
5.51270294189
6.58417487144
4.37839508057
10.0714199543
4.70024895668
4.27418708801
4.02955389023
4.10126113892
4.9187130928
3.20780801773
5.51094293594
6.59910702705
4.36378693581
7.82236003876
5.48255205154
4.47480297089
7.24165821075
3.00607681274
5.21147680283
5.41005086899
5.40170001984
4.62223005295
6.40816402435
10.0781149864
4.36744880676
4.406042099
4.22731590271
4.10261893272
4.82498693466
3.69085693359
5.01111316681
6.70195579529
4.44864606857
10.9568650723
4.16587710381
4.08529496193
4.19263911247
3.76368808746
5.30797314644
5.48542690277
5.24402093887
6.60295605659
4.45483994484
7.06455302238
5.37111091614
4.72072696686
4.12934494019
4.10250520706
2.84940719604
11.577201128
5.32382893562
4.69434785843
4.42480111122
9.64973211288
5.15016698837
7.02182912827
3.1286239624
2.78244018555
6.0013551712
4.57563495636
4.49383687973
6.70808887482
5.03676795959
9.59112501144
4.84607696533
4.702231884
4.22723984718
4.3097550869
6.00109386444
4.52305698395
4.54642105103
6.55723214149
5.19081902504
4.30844402313
9.44704604149
6.21736311913
8.36279797554
7.20852088928
3.24131894112
4.13569402695
5.45795297623
5.91254281998
5.10114407539
11.1349339485
4.07449412346
6.35892796516
4.00174403191
3.15383505821
5.94218492508
3.59738087654
5.1210091114
8.63641119003
5.94620680809
9.5932598114
4.93174004555
7.2381439209
2.99754476547
5.43507790565
5.10519886017
5.40549087524
6.69713282585
4.4588239193
3.97247695923
10.0634548664
4.45759105682
4.51703119278
4.32402896881
6.82810401917
5.19937491417
5.40122485161
6.60141015053
4.47597002983
4.00780296326
6.34285902977
7.36999416351
6.79610514641
6.51603889465
8.90944504738
3.34666204453
5.44800496101
4.2053899765
6.89206695557
3.55625700951
8.39412999153
5.34109592438
6.73646807671
6.57540893555
9.41626214981
2.8178498745
5.46646404266
4.37837719917
6.75177502632
3.56382608414
11.1334979534
4.15547800064
6.13212013245
4.5232758522
4.37158918381
5.94292902946
4.50930094719
7.85465502739
5.78718495369
4.59869909286
7.72071480751
5.23902320862
6.73661899567
6.3510491848
9.13394188881
3.31450915337
5.43938398361
4.2582859993
6.89109587669
3.96631598473
6.43154406548
8.18009114265
8.15647292137
7.76298499107
5.44563698769
3.40077805519
5.43813490868
4.23549795151
7.47529196739
5.02425312996
7.71175098419
8.29828310013
8.52068901062
6.86442303658
5.4675359726
4.10367703438
5.46728801727
5.9801671505
5.06733989716
3.22576212883
11.46342206
4.2316160202
6.09505701065
5.8518819809
5.95912909508
4.92140197754
5.42457008362
7.65688300133
5.87784385681
3.38883209229
7.70257997513
5.23645496368
6.7394900322
6.36401796341
9.62221908569
2.82906508446
5.45437812805
7.63350081444
5.99093413353
3.7546980381
7.6492061615
5.2388241291
8.88446116447
5.8439719677
7.48886299133
3.31519198418
5.48804187775
7.6101360321
5.87704110146
3.87264919281
8.15527486801
6.74541020393
8.89015388489
7.83332896233
7.15471792221
4.13277602196
5.65176701546
5.80433082581
5.03429579735
4.06742501259
8.00134205818
7.66972899437
8.84226608276
6.85440802574
5.44915699959
4.1754090786
5.60725498199
5.72677278519
5.13692903519
4.03891205788
10.0733919144
5.00931477547
3.81434798241
4.13009595871
4.14839601517
4.82331085205
3.55412697792
5.15126109123
4.70853495598
14.6685590744
6.24091005325
7.80357813835
8.5299050808
7.98179793358
6.93080997467
4.12936496735
5.65175080299
5.75096011162
5.11030602455
5.74711298943
11.2216479778
6.57490706444
8.35309386253
7.21052193642
3.24395895004
4.16195487976
7.36526894569
7.30501294136
2.97098612785
4.57878613472
9.20453119278
6.21363520622
8.19454693794
9.46222805977
2.87866806984
5.40862298012
4.23379206657
6.88634705544
3.56270313263
4.60996007919
8.61739015579
7.82881402969
8.6463341713
7.0545759201
5.44335603714
4.1735830307
5.4408891201
5.92032289505
5.64417481422
5.34478998184
7.69683098793
8.29777908325
8.3241918087
7.07534599304
5.43100190163
4.12205505371
5.45842814445
5.9449930191
5.22394108772
5.76971697807
7.67507910728
8.67425298691
7.94360184669
5.34723806381
7.14807796478
4.14379286766
5.4418721199
5.99265289307
5.59410810471
5.35246992111
7.55285000801
5.23844099045
6.73575496674
6.34721398354
9.13182616234
3.32663607597
5.45864701271
7.63368296623
6.41236782074
5.48173093796
7.237210989
7.878718853
8.52869915962
8.7074239254
6.20485401154
4.14181613922
5.47503089905
5.89276790619
5.25151014328
5.90279102325
6.75088405609
7.44434309006
8.88508415222
8.05548381805
6.93397307396
4.14651894569
5.63603901863
5.73124599457
5.66200089455
5.48672604561
6.42933511734
7.36610794067
6.8018488884
6.29209303856
9.1352789402
3.38256788254
5.41735100746
7.60871815681
5.99107193947
5.92941904068
11.2628231049
6.56454515457
8.19472098351
8.95634794235
3.31572985649
5.43854904175
7.65730309486
5.84288406372
3.26391911507
5.44979286194
10.9692251682
8.34238600731
7.76008701324
7.16032099724
4.11982798576
5.4840400219
5.96869707108
5.18226099014
3.74863696098
4.92405986786
10.9689650536
8.34119391441
7.74618887901
5.45093202591
3.3814291954
5.46975588799
4.35462808609
6.75100493431
3.55627799034
7.64264702797
8.3336379528
8.15412592888
10.4284808636
8.73850679398
3.32788085938
5.42489004135
4.26468586922
6.89430499077
3.55378293991
7.64364004135
11.3608400822
6.43044805527
8.21366000175
8.93293809891
3.37666678429
5.37361288071
4.263671875
7.47281599045
2.98085784912
7.632199049
7.67861008644
5.23519182205
6.7406270504
6.349214077
7.82663416862
4.697286129
8.25946593285
8.16412711143
3.65526604652
7.6369099617
11.4183330536
7.9840760231
7.9810230732
6.95703411102
4.14746809006
5.41706299782
4.57461905479
3.95626497269
3.69900488853
7.65217900276
11.0483431816
8.34225106239
8.5207760334
6.38853192329
4.14018011093
5.44959497452
4.54721808434
3.98996400833
4.09432816505
7.24390077591
9.20352482796
6.21407103539
8.19683003426
8.95465803146
3.34421801567
5.40079021454
7.65958714485
5.84263801575
5.7864279747
4.60555005074
9.48689293861
8.87937116623
6.70841622353
7.48980712891
3.37702989578
5.37191796303
7.66165399551
5.8746919632
4.30606794357
6.08576989174
10.1878130436
4.25866508484
4.54763507843
4.07559299469
4.1557059288
6.45025682449
4.56648015976
7.79623484612
14.0516769886
5.49739789963
7.68963503838
7.97510409355
10.7492599487
8.73718595505
3.32565498352
5.42318701744
7.66242790222
6.41189217567
5.48242306709
5.05987501144
11.0469260216
8.34233093262
8.70114207268
6.21607398987
4.13371396065
5.47098183632
5.89649105072
5.24700498581
5.77026700974
5.1994740963
8.61747097969
8.52805399895
10.0478079319
7.15434718132
4.98442697525
8.14869689941
5.64969182014
5.08340096474
5.77784490585
5.33602905273
10.967427969
8.34794402122
8.69967794418
6.23427581787
4.11645197868
7.38999295235
6.71971106529
3.57341098785
7.6368598938
2.25242686272
9.55877590179
8.88333320618
7.25314116478
6.95040297508
3.31294083595
5.43352389336
7.66297388077
5.99145102501
5.90362596512
5.08686995506
11.3301019669
7.98213005066
7.75438499451
7.18058395386
4.11989712715
5.63534092903
5.80704903603
5.05583810806
5.74691605568
6.02934193611
7.72054195404
8.67441916466
10.1368370056
8.65547800064
3.34582805634
5.40584087372
7.66505789757
6.41150379181
5.48243308067
5.75796198845
8.07375001907
8.77651596069
10.130231142
9.16051197052
2.84786391258
5.40528893471
7.66519904137
5.83969306946
3.42550182343
11.4443738461
5.8537299633
9.07733988762
10.7995979786
9.39687895775
11.3338849545
6.64872097969
10.9544899464
12.0032179356
5.07899308205
4.59163999557
7.72225785255
8.39538908005
10.2762138844
9.29652810097
9.17964196205
10.2796411514
11.396253109
5.40806102753
6.5100209713
5.10134100914
9.02625894547
10.8178079128
9.39436483383
11.4910469055
8.81618309021
8.5851919651
8.43264317513
4.66176199913
6.5702548027
4.27049803734
7.22831106186
9.27777814865
9.9807510376
9.62723588943
11.3091568947
9.66808009148
10.8825438023
5.11898994446
5.98374295235
4.30508613586
7.72235894203
8.39506292343
13.4059488773
9.15573215485
10.2625370026
8.48421812057
11.0631151199
8.57648706436
4.55364918709
4.51285505295
6.60047602654
8.38163399696
10.3329799175
10.2921681404
11.0368828773
9.91901302338
10.6967570782
4.68657398224
6.5616300106
6.56727290154
4.45691514015
10.20353508
10.3376061916
9.34583902359
11.9972648621
9.80588102341
10.9274690151
8.73724889755
4.39885115623
4.68798398972
4.70197296143
10.2084298134
10.5740499496
9.1360938549
11.9510030746
9.56404900551
11.3319540024
8.45586895943
4.62148213387
5.86241793633
9.03632688522
10.3456311226
9.85128903389
12.7316329479
7.28368020058
8.92341589928
11.9920339584
5.08483290672
4.61042284966
5.8950510025
9.44333386421
7.86894106865
9.42359995842
11.333054781
8.67265105247
8.92496705055
11.9948120117
6.31657314301
4.00440716743
5.27855110168
7.28577208519
12.9810760021
6.90221500397
8.66959285736
11.4024801254
9.44401288033
10.7486410141
5.25478601456
8.11906313896
5.85530614853
7.22798299789
8.83024692535
9.38339781761
9.37657999992
12.1495740414
9.62157893181
10.9309539795
8.73931503296
5.25245690346
5.09920096397
9.35847783089
10.3020429611
8.96060585976
12.0144531727
9.66547012329
5.99377393723
11.318748951
6.30884695053
4.16231894493
5.2865319252
9.35494709015
10.3055160046
6.87997817993
11.5100030899
8.914716959
8.58672595024
12.043587923
6.56304883957
5.24903702736
4.16516804695
7.44492697716
8.3944311142
10.5210251808
10.0455110073
11.0526599884
9.63553094864
11.1029930115
8.91959905624
4.89377808571
5.63256001472
9.28137612343
10.6959922314
9.79387187958
11.2804751396
8.84814786911
8.76555800438
12.0474967957
6.32094287872
5.29606699944
4.36658787727
4.90121293068
5.83413505554
9.98375296593
11.0113811493
10.9643409252
10.8966939449
10.579832077
8.85736489296
10.4526309967
8.89433097839
6.91283106804
13.0601608753
9.77005600929
11.4887208939
8.48810005188
9.7823638916
11.1863069534
7.87162184715
4.08242297173
4.55824899673
9.35391592979
7.87509799004
9.42314600945
11.3951001167
8.62030792236
9.74244880676
11.2275438309
7.47126698494
4.19616818428
4.89999890327
9.35404896736
10.4172110558
11.5634322166
9.35573601723
10.1767208576
11.3169980049
5.42000579834
7.86370897293
4.02865099907
4.71465277672
8.86094903946
10.394824028
6.90374612808
10.5897469521
10.6019940376
10.651695013
11.9920818806
6.50733804703
5.19268584251
4.91972303391
9.36085796356
10.4204339981
8.96064710617
11.9602890015
10.0988929272
11.7312459946
6.13667416573
6.77600216866
4.06429195404
4.71429085732
9.35827708244
10.4268920422
11.5574641228
12.0640981197
9.88898897171
10.8310389519
5.09891700745
6.0011909008
5.97782111168
3.01049900055
5.37806105614
9.99117803574
8.85408401489
10.3400630951
10.1912059784
11.4227969646
10.0226249695
8.16466784477
6.39391899109
7.29904508591
8.85161304474
10.4438660145
9.7677989006
11.487787962
8.90275788307
9.42186117172
11.3951618671
7.35960102081
6.54944586754
3.12163710594
9.38453793526
10.3033471107
8.95913100243
10.1822030544
7.8689789772
8.92133998871
12.0336229801
7.58168101311
5.99172186852
3.70306897163
9.38372206688
10.3017861843
8.95649194717
11.8972580433
10.2759871483
11.5931940079
6.27128791809
6.78294086456
5.72392296791
3.77139306068
10.6974248886
10.4557068348
11.3660700321
6.35731816292
10.1759719849
9.11685299873
8.82026290894
8.86772298813
5.70931792259
6.7442150116
9.35620188713
10.4176130295
8.95584201813
11.9029219151
10.1601560116
11.7411620617
6.17180085182
6.52428913116
6.56311011314
4.12789678574
9.31325697899
10.303869009
8.95840001106
11.899533987
9.78104710579
12.3275558949
6.03647303581
8.69444799423
5.83910298347
2.71569013596
9.01192903519
10.3641889095
6.90012192726
10.6166610718
10.2449929714
11.0255641937
12.0348310471
7.83330488205
6.32260107994
4.32381892204
9.43728899956
10.3087060452
8.956387043
12.0725390911
10.1000449657
11.3976669312
6.8705739975
8.29905414581
6.22658896446
3.30667090416
6.94685983658
13.0687320232
9.76789593697
14.6348950863
9.57636213303
11.6573498249
6.13440394402
8.70050191879
6.01595401764
3.51697611809
9.3607468605
10.4263679981
8.83766102791
12.0714149475
10.174628973
11.5210361481
6.31765508652
8.6567709446
6.22615599632
3.31217908859
9.35785293579
10.4275481701
8.94905090332
11.7878229618
10.3503758907
11.667057991
6.12729406357
8.70079302788
6.01566004753
3.52635407448
7.86767101288
10.8909351826
10.5369257927
10.6672871113
10.9886138439
8.78335404396
9.13105893135
7.58444499969
15.1440880299
5.22467112541
6.48457312584
10.4970760345
6.8525698185
8.63857603073
11.1789751053
9.45067501068
11.2426888943
4.98129796982
18.0893609524
1.72799491882
9.35780501366
10.3037400246
6.87635493279
7.59627795219
9.64108300209
9.49506497383
10.8372540474
5.09951114655
18.1080849171
1.76487112045
4.68555307388
10.4963901043
10.28759408
9.96509790421
11.1104621887
9.8004360199
10.9621860981
5.11532497406
18.0898180008
2.19942116737
4.67079806328
10.2123289108
10.3307468891
9.34695982933
12.4033818245
9.39653992653
10.7958199978
5.23280382156
18.1062009335
2.19951105118
7.30654382706
13.4352750778
9.39370298386
11.3377249241
8.63872599602
8.96139812469
8.38580298424
5.39458799362
17.9921648502
2.1545419693
11.0288529396
10.7558419704
11.1370398998
6.65154004097
9.79714894295
9.49323701859
8.83717608452
10.2488389015
9.22166991234
5.75450611115
9.59562492371
10.1878979206
11.011631012
10.9610688686
10.9080410004
10.5227031708
8.82537508011
10.2482550144
9.22153902054
5.76918411255
7.39899086952
10.1919898987
10.6436309814
9.19839000702
11.519505024
9.91085505486
8.83528017998
10.2252640724
9.21657705307
5.78328800201
10.3747091293
11.0050098896
10.8566241264
6.6594440937
9.79155302048
9.49329900742
8.81877589226
10.2387971878
9.24426913261
6.1611700058
7.10664486885
10.1899590492
8.87915897369
10.958343029
10.9079480171
10.5770142078
8.85329294205
10.4526908398
8.9140958786
6.16366910934
10.8179938793
10.9356768131
11.1522760391
9.30668187141
6.80718994141
9.5358300209
8.82038903236
10.2418539524
9.22900891304
6.1752820015
5.53561806679
11.0061349869
11.0085589886
10.9604189396
10.9060840607
10.5220968723
8.8371629715
10.2331259251
9.20955514908
6.18801593781
7.58937716484
10.1928868294
8.83055901527
8.3445930481
10.8932299614
11.6992180347
10.508908987
12.4874989986
6.8944849968
6.18233895302
5.40349602699
9.94493913651
11.0506851673
10.9612588882
10.8950819969
10.5194017887
10.5251147747
10.9499189854
6.89262914658
6.18303513527
12.525149107
10.7755520344
10.7657649517
10.1048669815
11.4100091457
10.0149559975
8.33632016182
6.22449803352
7.27160596848
5.36819505692
10.189041853
10.5471019745
10.6851050854
10.1714940071
9.71597599983
11.4445040226
7.41538691521
7.65108394623
7.02789902687
5.38439917564
10.7307469845
10.3876080513
11.2131340504
6.57748508453
8.87011003494
15.122120142
7.58263492584
9.92255496979
7.02802085876
5.39621090889
9.47475504875
11.0478889942
11.0011618137
10.9593031406
11.0007779598
10.4311878681
8.83988714218
10.2256247997
9.24314785004
6.34694099426
10.4046061039
8.8389852047
7.80507802963
9.7406141758
10.9993901253
10.4321100712
8.83432102203
10.2238287926
9.22961616516
6.36605405807
10.3417439461
11.0056991577
11.15061903
6.35754609108
10.1764900684
13.8142881393
12.951736927
6.11900281906
7.29845499992
4.55549478531
10.3471260071
10.904556036
10.9802930355
11.5162959099
10.3285901546
11.6461918354
8.81422400475
8.05143809319
6.27012610435
4.95180606842
12.3449170589
10.8138079643
8.26826286316
10.1781980991
9.70915913582
11.4109461308
7.44136714935
8.63008308411
6.96426105499
5.57773113251
5.40442800522
9.94242978096
11.0535349846
10.9611210823
10.9998149872
15.1226959229
7.58639097214
10.8948659897
6.96937680244
5.57859897614
7.61521792412
10.8500430584
9.94825005531
9.60718488693
11.5183098316
14.6013231277
7.58817195892
10.513573885
7.35302019119
5.5876159668
10.548653841
10.5714621544
11.3392848969
6.27329897881
9.79499816895
14.1817798615
7.58663797379
10.8948159218
6.97374296188
5.57670903206
10.3756351471
10.7963740826
11.4489140511
9.54053997993
11.8155760765
11.7763581276
8.03013706207
7.20899605751
7.35882282257
5.58987998962
10.9481539726
10.6521799564
11.7498259544
11.4402041435
9.60472202301
11.4120268822
7.53535318375
7.3985991478
7.22404003143
6.54372286797
10.8385589123
11.0345430374
10.8797471523
6.6428539753
9.78032207489
14.1942989826
5.82554101944
10.9466488361
7.78072786331
6.60980510712
11.1313180923
10.8300158978
10.9593269825
4.746104002
11.2943708897
9.91139483452
10.526376009
10.9779529572
7.73258781433
6.63279891014
7.60737800598
10.2676181793
10.0947301388
9.66784000397
11.5179071426
14.6120381355
7.58396887779
10.5028250217
6.51776909828
6.55441093445
12.350564003
10.7685198784
10.7127161026
10.1449739933
12.5839149952
8.64748382568
7.3124101162
6.99505281448
7.73167085648
6.62041187286
10.2507960796
10.5582871437
10.7576978207
10.101680994
12.948182106
8.2890059948
7.32314300537
7.48720002174
7.18862605095
6.63004398346
7.51248598099
12.8826260567
9.87749195099
13.1238732338
9.51544594765
13.1864390373
7.41720890999
7.52013492584
7.18265008926
6.63933110237
10.724241972
11.0652339458
6.66548395157
8.86510705948
15.1106479168
8.76898002625
9.33083605766
7.26402115822
5.83604717255
10.2654159069
10.5632779598
9.08080911636
11.1159989834
15.123363018
9.80626296997
7.01427507401
7.76253914833
6.61337900162
10.5366449356
10.6876521111
10.1862909794
13.787045002
9.0419728756
8.77187108994
8.38195896149
5.09943008423
5.8009390831
10.7425470352
10.6696438789
10.8738381863
4.72554993629
10.6800899506
15.215157032
12.9519710541
8.33665704727
5.10913395882
5.79568910599
10.1898109913
10.5319600105
10.7194700241
10.1628201008
9.70012187958
8.9861330986
7.58523106575
15.1379561424
6.05621194839
3.45469594002
11.0285060406
8.78617310524
10.2577700615
13.2146029472
14.5360178947
10.0513970852
10.398938179
8.89187717438
6.18057703972
2.95191693306
12.3402020931
10.8680148125
10.8457229137
11.0238308907
10.5203900337
10.5224092007
11.0284099579
7.68692207336
5.39050602913
2.805519104
10.2671630383
10.5508830547
10.7138440609
10.1544661522
12.5756249428
10.4190819263
10.4011588097
8.89885902405
6.25993108749
2.8802189827
10.7230460644
10.4577951431
11.3638179302
11.752974987
13.6894929409
9.05396795273
10.2312409878
9.21067500114
6.19043421745
2.96046900749
10.1915121078
10.5576779842
10.657296896
10.1997480392
11.4185800552
10.7448449135
8.07821321487
11.2029519081
7.43996095657
2.66119384766
12.5120520592
9.70882987976
10.365582943
11.6688292027
11.3053231239
11.5076980591
10.4808599949
8.88678097725
6.19023513794
3.10594820976
7.6147210598
10.4362270832
10.3034310341
16.711564064
13.3362641335
10.0507929325
10.4020349979
8.89511799812
6.26578807831
3.03436994553
12.4016990662
10.8684391975
10.9577729702
10.8948290348
10.5252439976
8.83500909805
10.5461709499
8.90619301796
6.36443281174
2.93540000916
10.2194020748
10.7277069092
11.5128519535
9.53701901436
14.8537449837
9.02216506004
8.37556791306
12.0548729897
5.78348302841
3.65933680534
12.4180181026
10.8471691608
10.847080946
11.6330580711
14.6009099483
5.83018088341
10.9739170074
7.73770093918
6.65586495399
2.1934030056
10.6829769611
10.4565529823
8.2368979454
6.92072486877
8.06657791138
12.3574821949
8.64889717102
9.26429510117
21.5695509911
0.904098033905
10.6948971748
10.3883860111
11.5510389805
11.6270451546
12.4681270123
8.66027498245
9.23402714729
21.1177778244
0.974880933762
0.618484020233
10.1938750744
10.5375459194
10.6664500237
10.2079870701
12.5687270164
9.27952980995
8.29176402092
21.5242340565
0.929274082184
0.598936080933
10.8665349483
10.5411190987
8.99652504921
11.35501194
8.75268316269
8.95714402199
21.9106090069
0.858232975006
0.486071109772
10.7243468761
10.6686050892
11.2362411022
11.6696259975
11.3122880459
10.0175170898
9.05587792397
21.573251009
0.909234046936
0.485450983047
10.726061821
10.5679998398
11.2541589737
11.7522969246
9.59863305092
11.8572430611
8.92579102516
21.5859839916
0.890884160995
0.485795021057
