2.83255910873
7.93028998375
12.0437240601
12.4317061901
14.0509798527
5.8355910778
8.9292049408
6.75900697708
6.722864151
10.5373859406
9.77991199493
13.2420680523
11.7586519718
9.25512981415
6.5670979023
6.19884896278
8.67497611046
3.94915890694
8.62203407288
5.6475110054
6.35147380829
10.2217888832
15.8225300312
11.6293230057
10.2491149902
8.62114906311
6.15853214264
5.09689712524
11.0021250248
5.43376588821
9.98105597496
13.0191409588
10.8784561157
12.6476590633
6.61841392517
7.51037192345
7.33499598503
3.76853895187
10.4788460732
3.94717907906
8.80472302437
11.4970510006
12.7241740227
14.0205390453
9.43671989441
6.18261599541
8.69379091263
3.9325928688
8.62386202812
5.87488389015
11.3800098896
14.2180609703
11.2683641911
8.58377099037
6.45981192589
8.43422794342
5.16628289223
3.91367316246
10.3352608681
5.22747898102
7.84352898598
13.2851889133
11.4081180096
11.7207889557
8.96584606171
7.51243209839
7.36185097694
3.86755514145
10.6201989651
5.02286911011
9.98148107529
13.0995490551
10.8007500172
12.6310369968
6.63412308693
7.45020914078
7.36591291428
4.35544800758
11.2281370163
3.92324900627
8.04951715469
12.4919810295
12.4252130985
10.8655259609
9.43079400063
7.56281495094
7.31713986397
3.78662705421
11.7813129425
6.46096301079
8.07400178909
10.9748339653
10.9588568211
12.4278390408
10.0539541245
7.27141618729
8.55971097946
3.80705690384
10.683838129
7.5934138298
10.2740590572
13.2830147743
10.6144628525
12.7434530258
6.5871181488
6.35274600983
8.54057502747
3.82891583443
10.413228035
7.80159401894
12.8000900745
10.8261668682
8.88373184204
7.84826111794
10.4085168839
6.79392194748
10.0184268951
10.412539959
9.78508615494
5.92435193062
13.7913479805
12.1304991245
10.9437730312
7.41325306892
9.00472903252
6.68477916718
10.0089950562
10.4294748306
9.77934813499
12.3367359638
15.6647360325
11.6293280125
8.30369305611
6.46927690506
8.4231569767
7.48511815071
11.267261982
4.62168812752
10.5282249451
8.52323102951
12.4514391422
10.8787310123
16.0667669773
7.069865942
8.51781797409
6.84965586662
5.44583892822
10.4082188606
11.9896998405
12.3724970818
14.0312609673
9.41732883453
6.36797308922
8.50647306442
3.80158090591
10.4804189205
5.14821100235
10.9422008991
12.451128006
12.386218071
7.85673093796
9.45599389076
5.44545388222
5.34943699837
10.3987901211
5.65745997429
12.1443371773
14.1439990997
11.9209418297
12.4991002083
7.20617008209
5.32214021683
5.65342187881
10.4478728771
5.42438292503
12.163184166
7.79036998749
11.0562570095
12.4317932129
16.1883411407
7.37901496887
8.20932388306
7.40431594849
10.2097730637
5.67343878746
12.1555759907
7.98709201813
12.5331418514
19.2476289272
8.30782294273
6.86091399193
8.02966189384
7.30059599876
10.6231338978
5.90356898308
11.694879055
8.04695892334
12.8253979683
18.9140479565
10.251912117
8.73038601875
7.03436493874
6.26142096519
11.6360139847
6.49212312698
8.3195540905
14.563477993
12.3571488857
12.4571931362
10.0534977913
7.32365107536
8.50256991386
4.34966397285
10.1429920197
7.58714079857
8.33437418938
11.3289849758
14.2707848549
11.5479168892
8.30327916145
6.45945501328
8.43378400803
6.92917990685
11.8206431866
4.61377000809
12.1870388985
11.0786628723
14.5245070457
15.9474480152
9.05134510994
6.36891007423
8.5224108696
4.33092403412
9.93160700798
3.95632696152
12.1844558716
14.716709137
12.2349641323
9.69216299057
8.59640598297
6.76429414749
8.21003890038
6.92753100395
11.7431271076
5.08701300621
11.7278079987
14.5416998863
12.3831191063
14.4740579128
8.98327612877
7.49559497833
7.40127801895
3.82902193069
10.414949894
5.15769791603
11.0254731178
14.5646619797
12.3547420502
14.5027561188
9.03568506241
7.50141310692
7.29457092285
3.95258498192
10.5372829437
4.9439098835
11.0396330357
7.12999200821
15.3866291046
8.77269005775
13.2362101078
7.39600300789
9.61484479904
6.12192678452
11.439811945
6.01158094406
10.8516688347
14.5154371262
12.2904629707
12.5247619152
7.79872202873
8.51616311073
7.25492286682
6.65743398666
11.2368359566
3.92205786705
10.9665009975
10.7155508995
14.1176650524
9.60662198067
12.8122417927
7.24962306023
8.56397795677
4.34542703629
9.9291369915
5.16239380836
11.0509009361
10.941794157
15.1063940525
12.0967550278
8.97828793526
8.27067089081
8.02784705162
7.30025100708
10.3842639923
5.89873194695
12.3236308098
11.3907830715
14.2190740108
15.6906709671
9.31261205673
7.57752013206
7.30107021332
4.34417891502
9.93227791786
5.15240097046
11.3479340076
12.3329811096
12.4041509628
14.4810578823
8.00142502785
7.16564106941
8.6912522316
7.21596479416
10.4213891029
10.0085370541
4.90132784843
14.4390311241
11.7277710438
10.8115680218
7.79965400696
8.72918796539
6.57707810402
10.4003479481
10.0331470966
9.99804592133
4.90204501152
14.3299400806
12.4846420288
14.1169381142
5.83524513245
8.89607000351
6.8566339016
9.93824291229
10.9590880871
10.577488184
5.5675470829
7.89769387245
12.9121518135
18.828305006
12.5238480568
7.13640594482
5.89396190643
10.0269129276
10.4186899662
11.1033439636
5.6029291153
12.3185889721
12.41324687
14.0174329281
9.4918680191
10.8507688046
5.75016593933
5.83330988884
10.0210149288
11.1096339226
6.54203605652
13.9446361065
13.1476819515
12.3864438534
26.2185149193
4.06444811821
9.9396750927
5.15493512154
11.0495791435
4.906427145
10.5827150345
14.9246759415
11.9405691624
12.4268760681
26.1607160568
4.07452392578
10.132363081
4.93794989586
10.9652900696
8.58316588402
12.4955010414
5.01368188858
9.66617798805
12.811011076
21.0674068928
15.0084860325
15.514950037
9.54224419594
12.6264519691
16.1601850986
11.2658522129
12.0221629143
12.7149341106
12.4392259121
26.1669328213
3.66565108299
11.6350319386
6.77453804016
8.05139994621
7.39840197563
24.7907691002
9.12425613403
14.7924849987
11.8318281174
12.392416954
12.1078829765
12.061798811
10.9835348129
16.5852029324
12.8269028664
18.7554368973
6.23220396042
11.7601690292
15.042320013
15.0647890568
16.0481038094
12.1320798397
11.0320231915
16.5987648964
13.3832840919
18.2815201283
9.307970047
11.849214077
14.6907131672
15.3338820934
16.4551620483
13.0036478043
6.38931202888
15.9443230629
11.0262880325
18.4637720585
7.19918489456
9.59950184822
16.2156991959
23.6129379272
15.8281230927
13.0083630085
6.39113378525
15.9022500515
11.0127868652
18.5144398212
7.83044886589
13.8474900723
13.9773659706
13.2722198963
14.9429628849
16.9622681141
6.10903406143
15.889580965
11.0111708641
18.539908886
14.1152439117
15.1959750652
16.5752379894
7.85977602005
15.0920670033
12.9232521057
6.17295718193
23.8705499172
10.8715620041
9.41520309448
9.17917513847
12.6840291023
13.4989938736
15.4464960098
16.4062831402
13.0348751545
6.39531898499
16.6210949421
10.3246748447
18.4853060246
6.79549217224
9.45323705673
16.5171689987
13.3766579628
23.0420730114
16.2609789371
6.78847503662
15.5111689568
11.0560469627
18.5105929375
9.01071810722
12.9505038261
13.4885320663
18.3059120178
15.0789070129
12.9997329712
6.17302489281
24.2558350563
11.9334311485
9.32872200012
6.17331886292
8.24650287628
14.5490679741
14.9645118713
8.369836092
11.9779188633
17.4793331623
20.0045831203
24.3491168022
12.4810400009
13.8642911911
12.7280659676
14.0014150143
11.2033529282
14.2253499031
11.6490478516
6.887789011
24.7634820938
10.8711841106
11.8183128834
6.89554095268
13.0912530422
12.9648630619
14.1359331608
13.3680100441
17.2206511497
5.44334888458
15.3855509758
14.5762991905
22.6832840443
4.39239311218
11.3419129848
15.0423288345
15.4607810974
15.6508619785
12.1681530476
10.5009920597
15.9553861618
14.0059440136
22.6892051697
10.3453650475
14.6484808922
13.5682449341
9.11921405792
12.0954351425
12.0121319294
10.5498931408
17.0721590519
12.8251039982
22.7586159706
7.77818584442
11.382956028
14.9216837883
15.1205768585
5.59015107155
17.2108128071
16.6261680126
16.4433848858
12.8323340416
24.1504030228
6.85238003731
12.943087101
13.2124760151
14.102063179
13.2957489491
8.54918313026
12.2643871307
17.2410128117
14.5770630836
24.0865471363
13.8680431843
12.7363259792
16.6211600304
8.02289390564
14.8023538589
13.2147049904
6.18160915375
23.863325119
13.7568371296
11.6415188313
8.88455915451
12.8648490906
17.1525950432
19.0837841034
13.1548469067
10.6246681213
6.16878700256
23.8552420139
11.7174839973
13.7048211098
13.4038851261
14.8156340122
12.4668800831
8.67774009705
14.4170610905
13.0668690205
6.16711592674
24.9214560986
12.8814549446
11.4624049664
13.1191828251
14.0499620438
14.0670480728
13.3632009029
12.1581170559
10.5002098083
15.3807580471
11.8288140297
13.5357890129
14.3718590736
6.15523386002
12.3893010616
16.2910912037
16.0697920322
12.2461719513
13.7570970058
10.7513461113
18.5286870003
19.9232048988
15.9135661125
6.53740310669
14.7720088959
18.787375927
7.70932388306
12.5849990845
13.3974030018
14.6159098148
23.7090771198
12.102175951
15.1160750389
9.33974194527
12.6962618828
17.9519500732
14.5102438927
8.81904196739
16.8674888611
18.9715049267
14.3077089787
13.0123791695
11.9827139378
7.61658215523
8.1716427803
13.55885005
14.7153480053
20.3493227959
7.49070119858
16.012098074
15.9364409447
14.7632749081
25.5549070835
4.79603600502
5.06244301796
14.639977932
19.0200622082
15.290541172
8.83331799507
16.811989069
19.0888769627
24.0967099667
16.2954161167
16.6367990971
14.252655983
14.2453241348
11.9511198997
11.9912650585
11.0644960403
16.5914530754
12.8213510513
14.3664309978
17.0314888954
18.0915830135
14.6059401035
15.3410489559
16.4405670166
13.0107860565
6.39304089546
15.8955600262
11.0621528625
18.4833140373
11.9725108147
13.4280679226
12.2789750099
15.2717700005
8.40533804893
16.8896758556
10.6277840137
6.13384914398
23.8523108959
11.7148849964
20.6195430756
6.79370903969
9.48471784592
14.5093381405
17.3747258186
20.6305060387
16.6726748943
7.66204595566
24.2950291634
11.9312729836
19.9915349483
5.15574598312
11.6596868038
12.7328789234
16.6086711884
8.56717705727
24.1849241257
8.18240213394
25.1550991535
11.248087883
21.0752110481
4.52765512466
5.65388703346
14.3396759033
18.6964509487
17.9578049183
16.3572089672
10.52856493
28.2235679626
17.9366719723
15.3533818722
9.06942605972
12.7783942223
18.3433439732
19.9432609081
12.7429778576
9.64140605927
16.6922249794
14.2226991653
12.9685220718
18.939054966
16.4781601429
13.0378780365
14.192802906
13.2948589325
12.1209709644
11.0141189098
16.9120540619
12.5131561756
18.6136980057
15.5074820518
6.75407910347
13.2077071667
14.3178009987
14.0229740143
12.1094250679
20.5601110458
17.9676449299
13.9984478951
18.5326011181
15.5428330898
16.2411949635
14.7188940048
20.0153801441
13.7381470203
12.7323060036
6.49254179001
16.626060009
19.3951289654
10.7769601345
12.9817969799
9.94387483597
12.8041892052
17.0358550549
29.3470380306
14.6057281494
5.09731483459
24.1578130722
12.0214340687
10.3649389744
11.9722678661
13.4189059734
14.7533419132
12.5182709694
14.3628680706
18.4945158958
9.1133480072
24.3672049046
11.568641901
9.94916009903
13.0544228554
16.3601360321
14.5022749901
14.088876009
12.0499000549
12.0030899048
10.1346280575
17.4750099182
12.8326511383
14.3591179848
19.9813139439
13.3605279922
14.8053150177
20.5903961658
13.7378280163
12.7367658615
6.8832681179
15.499270916
20.1364369392
10.7793769836
13.1670432091
16.189136982
15.6561799049
14.0427889824
14.9152100086
16.7019579411
6.79085087776
15.5074260235
11.0258581638
18.5441129208
14.5467100143
16.1508970261
15.6539881229
12.6767239571
12.7751619816
13.4139540195
12.7579779625
17.0407190323
10.2742629051
18.7059700489
14.4083371162
11.381964922
15.4408230782
16.4911658764
8.47915816307
24.1829440594
7.38645482063
15.3238601685
12.3961760998
18.6815440655
14.410214901
13.4285960197
12.2830708027
15.2003331184
14.1653838158
13.3765699863
9.66358017921
14.6033229828
15.960875988
18.6799039841
14.4178011417
9.47582697868
12.6220459938
20.8395149708
10.7872900963
24.7336480618
8.17966413498
15.8909258842
11.0394809246
18.5446510315
14.5568339825
13.1777069569
12.3289551735
15.1988499165
17.7763268948
14.8853640556
8.57636904716
15.5437760353
10.9763419628
18.5595891476
14.5612220764
10.6950640678
12.1283938885
17.2734060287
22.8643858433
11.1091668606
12.5144298077
15.3134567738
12.4266569614
18.6534218788
14.4213199615
8.0489821434
13.392182827
14.4736821651
18.216999054
15.1526229382
14.0292630196
14.7507669926
15.9919319153
18.5170099735
14.5634288788
16.2187898159
15.6436588764
14.0461831093
14.9261701107
15.0588519573
8.02008199692
15.8961629868
11.0326480865
18.4947021008
14.6124658585
16.1488659382
14.1553521156
14.2063291073
12.7470431328
13.4151380062
12.3966698647
15.3122050762
12.3774271011
18.5322360992
14.5970330238
11.6787559986
15.1139109135
9.65755200386
18.9044778347
13.3422498703
12.685983181
17.2187509537
12.5054600239
18.5140039921
14.5802130699
6.20407605171
7.6777920723
15.0512900352
15.1205949783
20.0658340454
17.4542441368
18.7914390564
17.0508308411
17.210283041
16.236907959
9.37200307846
12.8566470146
13.590473175
13.5939409733
14.562664032
19.499104023
18.0602869987
12.4792189598
18.5740759373
14.6683728695
13.3707690239
12.3110439777
15.2165219784
7.93364405632
24.7256059647
8.58010697365
15.5040049553
11.0649020672
18.6449520588
14.5271439552
18.1419899464
12.8931541443
13.557393074
12.7418570518
20.1075160503
6.48388695717
15.9384839535
10.9953279495
18.4937429428
14.7219939232
18.1192159653
14.6122989655
17.0456459522
16.0224039555
11.6199231148
6.49712610245
15.9026079178
20.1228220463
9.417771101
14.6987018585
13.3549499512
13.9988589287
16.5537009239
13.3118901253
12.0917100906
11.0520029068
16.620871067
12.80422616
18.7518270016
15.7858860493
10.3541760445
16.1935281754
15.9226689339
5.28822588921
12.0415978432
12.0145919323
26.5101370811
14.7644510269
18.0172669888
16.4810409546
10.4007110596
13.5910420418
15.3372600079
17.0096340179
9.57596802711
11.9050040245
17.9622540474
14.0038650036
18.553828001
16.7006680965
12.7024519444
14.6128249168
11.89468503
9.34759402275
12.0397651196
12.0644288063
26.4591419697
13.9992780685
18.5250029564
16.7314229012
10.5047969818
16.7024228573
16.5850799084
5.53204989433
17.1905519962
14.8301758766
17.1461811066
13.9911339283
22.6974561214
12.9034290314
13.3472731113
13.9988601208
13.7276451588
16.1182830334
12.1204869747
10.136384964
16.3597631454
14.0032730103
22.6823880672
12.9102008343
13.2823970318
14.2268428802
16.3414211273
13.3487780094
8.54977178574
12.1139450073
17.4877588749
14.4817781448
18.5542089939
17.0890328884
15.5595450401
15.8596889973
12.7405281067
13.2581110001
17.4496929646
18.5667569637
15.5581071377
11.2352128029
9.55600619316
15.9418091774
6.19906115532
12.3907318115
14.5497670174
18.0098991394
13.1999239922
17.2156040668
18.8295810223
15.5330848694
20.8002779484
15.9388251305
9.46856784821
14.9751050472
15.3751227856
11.7889919281
13.4780299664
19.111522913
15.0629758835
22.7592728138
10.5360240936
15.9465889931
9.65308713913
15.2393798828
15.496078968
14.4109349251
9.69568395615
16.36434412
18.6049630642
14.4433748722
19.1461391449
15.958616972
18.0513629913
14.6027500629
13.1754140854
15.4539961815
18.754899025
12.4753279686
16.4758429527
12.3389909267
13.1147429943
11.7620689869
15.4872179031
12.3827579021
20.9627361298
15.6542580128
13.3261868954
6.50678110123
24.7592689991
12.3202700615
10.370620966
14.5763440132
16.2512328625
14.1640250683
14.1496667862
16.3307390213
19.2685780525
5.11636996269
24.5659511089
13.0142829418
11.7063241005
11.8306119442
16.2294008732
14.7240669727
13.6429231167
16.2706100941
16.5785169601
6.48870897293
15.9323041439
20.0977580547
14.9649338722
11.7869269848
16.1643750668
14.7343828678
13.5800280571
12.8048360348
20.2027800083
7.66075110435
24.2941920757
11.9240789413
13.1188390255
12.1809079647
9.0670030117
13.1778259277
16.9008479118
29.2305650711
14.5981268883
5.10426282883
23.8460059166
12.5163559914
12.9214630127
12.1904258728
16.4210779667
13.12332201
14.043405056
13.3503689766
12.1684799194
10.0971550941
16.6847469807
14.1822960377
22.2578339577
15.3398780823
10.4561200142
15.3060660362
15.3911190033
16.052118063
12.1689641476
10.9827740192
16.9000370502
12.5157380104
24.1433401108
13.9981040955
8.36049103737
15.7384450436
14.398223877
11.0151610374
17.3108229637
15.7392790318
16.2625789642
13.7353570461
22.6226620674
15.4037668705
13.3627331257
14.0792090893
13.6370608807
5.67402410507
17.5259180069
13.6940720081
17.3973948956
14.4800908566
24.0879001617
14.0000169277
10.740352869
15.2321629524
15.5812289715
5.20406603813
17.5260460377
14.3687028885
16.7271049023
14.4834599495
23.1055061817
14.9933497906
12.6674909592
12.2548079491
13.5588350296
16.4407739639
11.9508590698
10.5848908424
15.952231884
14.001183033
24.0839140415
14.1167230606
13.3631350994
13.9982531071
16.499530077
13.3684790134
12.1100800037
10.5354931355
16.2771189213
13.7351858616
23.0603301525
15.1019661427
16.402962923
13.0318820477
14.1350309849
13.3522698879
12.1014919281
10.1653208733
15.7929668427
14.574644804
24.0876829624
14.1196539402
14.3144640923
14.2478489876
14.0363640785
12.0959479809
11.9920189381
10.5712778568
17.3799440861
13.0653488636
25.8167388439
12.0550060272
6.46691417694
13.8808250427
18.7340109348
15.3678069115
9.1702849865
16.8886859417
19.0222980976
22.9653639793
10.5387427807
18.5096819401
9.1743721962
15.4012970924
15.2514750957
14.1534130573
6.25006580353
20.3328909874
18.4235098362
24.1691651344
11.4361960888
16.4907090664
6.18465089798
7.67897891998
14.7055721283
15.5864260197
26.7793500423
18.673459053
16.5842251778
16.15832901
16.2721610069
16.6343920231
14.6770601273
13.9934720993
13.0836789608
13.498265028
10.072507143
17.6522200108
20.2092750072
18.8826220036
15.76095891
13.2245149612
11.3208642006
13.9148988724
17.921833992
14.2557799816
20.1921160221
7.75333619118
23.8809211254
12.5346729755
19.8033440113
7.35529303551
15.5080049038
12.3519570827
20.9850749969
15.7324140072
15.7083940506
18.0738968849
12.5361449718
18.4616971016
11.9978909492
7.44185495377
18.0749168396
20.4787700176
12.496612072
15.0047469139
12.9154670238
6.1850938797
24.181137085
11.3926749229
13.7362339497
14.2916200161
11.6465129852
16.2360301018
18.1308460236
17.8654770851
16.6253831387
7.70338106155
24.6160140038
13.2219719887
11.4589557648
14.3230409622
13.5535960197
16.0589971542
16.4117670059
11.6795449257
17.4649150372
19.9189178944
15.7850759029
17.1154940128
14.6165239811
7.13910913467
15.4983298779
12.363904953
15.2919790745
17.7018530369
19.4399068356
13.3199260235
17.252259016
18.6764819622
14.4263079166
5.74712514877
16.1912410259
15.6426041126
14.3764529228
18.4479570389
15.4455239773
14.7570710182
15.9657030106
18.5093910694
14.5907399654
5.74972987175
16.3828320503
15.6430909634
19.0886049271
24.7868280411
7.38633489609
16.0138361454
11.6950891018
18.5204861164
14.6117548943
5.75434303284
15.6279408932
15.1993060112
20.092083931
15.1507370472
12.9349458218
6.1625790596
24.589012146
19.755259037
14.4089560509
5.7567179203
8.91609597206
13.1762168407
16.8901188374
24.1493639946
19.7858250141
13.4058148861
17.2793290615
18.6491780281
14.4226558208
5.75699687004
18.0810468197
14.602244854
15.357981205
16.4873209
15.7080068588
13.3307051659
17.2203538418
18.7134912014
14.5341310501
5.65752315521
13.4413728714
14.6870560646
14.9442880154
12.4287631512
9.23628520966
19.5439791679
19.7106850147
19.7418210506
16.4767310619
13.0026581287
7.33652997017
15.1488881111
18.274944067
14.2903831005
15.5314519405
10.1924250126
18.9305171967
23.0629658699
15.8862910271
14.5629301071
14.4339609146
14.3187351227
14.0212569237
12.1092870235
11.9888670444
10.1751070023
16.3588979244
13.9985461235
24.0976369381
17.7907991409
10.7082569599
16.1475670338
11.8247931004
20.5666949749
13.2405269146
10.2426810265
17.0717711449
13.3900239468
22.8104970455
18.5928180218
14.5054490566
14.2482049465
14.0363199711
12.095566988
20.556871891
12.4178450108
8.4925570488
11.0062198639
22.7498550415
19.2009129524
14.5097630024
14.1816439629
14.0884971619
12.1089739799
12.0587091446
10.0986568928
16.6828610897
13.735929966
24.0371549129
17.7997488976
8.65097808838
13.3714301586
11.8884029388
12.5384659767
13.6996040344
20.6654160023
12.4200549126
17.0422978401
26.6110911369
19.6513910294
14.1785900593
14.1077749729
12.0929920673
12.0119640827
11.0218448639
16.597728014
12.8182420731
22.7578749657
21.0572879314
18.1112627983
20.4822120667
22.6602830887
18.8546850681
5.11841797829
24.2380568981
12.3346498013
19.6010258198
7.37838196754
5.5761179924
13.0754320621
16.2857840061
17.3506650925
8.60031795502
19.8267707825
19.0207409859
19.1491570473
14.3489010334
15.9594948292
10.4326918125
14.001994133
15.6148729324
15.105191946
12.991658926
19.8473892212
18.9467380047
14.4458971024
19.1407010555
15.9493751526
10.4344990253
6.18703794479
7.67757511139
15.1080958843
14.9569289684
26.9843959808
13.5773639679
18.6773078442
24.0948588848
19.2718169689
16.5388109684
13.942471981
15.7016630173
16.3164930344
11.6706280708
17.4751899242
21.3455178738
14.2870869637
17.9268779755
15.8382899761
11.9130880833
15.1993479729
14.3672418594
19.4012789726
8.47875809669
19.7799699306
19.0923550129
14.2236120701
17.1901640892
16.278042078
12.208712101
15.6429810524
15.8636729717
17.4063150883
8.60123610497
17.225178957
20.1430368423
25.5756819248
10.7336518764
14.6995441914
10.4161069393
13.558590889
16.050360918
16.4184701443
11.7205710411
19.782610178
18.9663670063
24.1854710579
11.4345111847
13.9279420376
10.4714360237
15.642152071
15.8442111015
12.7585208416
13.2884778976
18.7243840694
18.9468967915
14.3079571724
17.1892640591
16.2116498947
12.3514330387
15.5821690559
15.109965086
18.1851820946
11.6924660206
17.4519491196
20.0028760433
15.7025702
17.8583638668
15.8395359516
11.9957890511
13.0973799229
12.6892881393
15.3067531586
16.1163539886
20.6641860008
17.3957400322
15.3394539356
21.9984419346
15.4628911018
8.88568711281
11.8370790482
14.3850820065
16.7016849518
8.6895711422
9.08960700035
20.3930079937
19.7189290524
19.7424790859
14.6707220078
22.586741209
16.4699428082
13.1189570427
14.0428030491
13.3536961079
12.167498827
26.4587290287
14.7644641399
25.5550010204
13.4781579971
9.03346800804
16.4661419392
13.0907800198
14.0871379375
13.3498749733
12.1195309162
26.4971969128
13.9997470379
23.1040410995
18.776091814
6.94477820396
16.4222810268
13.0815908909
14.1464810371
13.3095500469
12.0901629925
26.5263888836
13.9965369701
23.1171789169
20.6351220608
5.07952094078
16.9349329472
14.0692200661
14.0090379715
12.0992369652
20.5601770878
17.3952100277
14.5796709061
22.6814508438
19.2038338184
6.94194293022
16.3759460449
14.4238879681
12.3937318325
13.7005581856
20.6638329029
17.4882071018
14.490238905
18.5197908878
15.6107549667
14.7547907829
13.442127943
14.691849947
12.4237341881
20.151417017
17.4482679367
18.7921040058
17.1383419037
19.2095439434
16.0024988651
13.3453159332
13.0846149921
16.2373330593
12.6755359173
13.3243718147
17.2093610764
20.1970500946
15.6763279438
19.2855529785
16.0026988983
13.501032114
14.8636851311
12.274515152
16.4295289516
13.3668880463
17.219574213
21.4054660797
14.0042419434
23.1076948643
20.6384949684
6.08135890961
16.401296854
14.4964799881
14.1713149548
11.9514930248
20.5557692051
17.4897880554
15.2448718548
22.5473308563
20.4499309063
6.15102100372
12.9464559555
16.1500070095
17.4257819653
13.4819521904
15.2903959751
18.5935740471
14.3179590702
19.2844209671
15.9425048828
13.7591149807
13.1383461952
16.169811964
19.7347550392
6.29380989075
18.7251179218
18.9624171257
19.2134468555
14.3474690914
18.5274159908
11.1926460266
15.5430729389
15.9177241325
12.6789689064
13.2500100136
19.8433201313
18.9655079842
14.2857301235
16.4073150158
15.629625082
16.97001791
15.20144701
15.3421461582
17.9542508125
11.6782507896
17.2288920879
20.189966917
24.3999609947
10.5641448498
16.0010490417
13.7106838226
15.5418241024
15.8346841335
12.7014229298
13.3548259735
19.2859678268
18.496887207
22.9282131195
12.5594480038
16.5317139626
11.1624960899
15.6190869808
15.8326878548
17.4346861839
8.62239289284
18.6567730904
19.0130958557
23.0544660091
12.558412075
16.4188630581
11.2869970798
12.3206701279
17.3063781261
14.695939064
13.3963911533
17.2353270054
21.5660231113
19.2167141438
14.3603100777
16.001447916
13.7617390156
7.41266512871
15.1459639072
18.0651068687
20.1644740105
20.0559458733
18.9377012253
19.2436649799
14.3582019806
15.9464991093
13.8160200119
15.6735730171
16.8814589977
14.7131540775
13.375880003
19.783851862
19.0056240559
23.063421011
10.5342180729
18.5110468864
12.2237141132
12.4770309925
15.3442800045
16.9111709595
12.9799900055
17.2567000389
20.2277429104
25.4866700172
15.1327881813
14.2195780277
10.812338829
11.1164028645
16.0723001957
15.11135602
13.0306079388
18.6976709366
19.0525550842
24.0881681442
19.2637870312
11.0526130199
9.84328699112
13.5682470798
16.0507700443
16.41822505
11.7001430988
17.2031099796
18.8334379196
22.8043689728
18.6480591297
14.8086481094
10.8221569061
17.1248059273
14.5099589825
17.2228069305
8.58207893372
19.8454399109
19.0195879936
19.15178895
16.2799379826
16.5952219963
12.2773599625
9.48193311691
15.3217589855
15.237637043
26.7686400414
17.397644043
19.0714299679
18.7323050499
15.9193720818
14.5651600361
10.8707718849
14.3063819408
16.2494869232
11.6650519371
17.2347788811
20.1549520493
21.4839630127
13.5300500393
18.512155056
12.3197190762
20.2491497993
17.1940848827
16.7584340572
13.2038750648
15.32162714
16.8838691711
21.069275856
22.0307450294
8.28515195847
9.93509221077
11.1219208241
16.0820200443
16.4134061337
11.7163851261
18.6582140923
19.03332901
23.0275230408
15.8820528984
14.5833570957
10.9141850471
6.70363783836
14.0017158985
18.4648079872
25.6631770134
22.8584549427
15.0652830601
20.8378930092
15.1200568676
14.2164409161
11.2273519039
20.2577211857
17.1054480076
16.846629858
13.4084508419
27.4886419773
15.7243609428
16.4075200558
15.4016129971
13.8659479618
4.904047966
15.6000909805
15.9188091755
19.6762900352
9.21268987656
16.8254089355
19.0119588375
24.1758511066
14.6367628574
22.4751281738
3.92686915398
5.00559091568
14.9625060558
19.6883049011
19.9475810528
12.7243139744
24.8610010147
25.5868990421
15.1339190006
22.0032439232
3.92759013176
17.3778910637
18.3650641441
18.1574928761
20.7574689388
20.1447679996
21.4714238644
15.4445300102
14.0306768417
10.5141899586
5.25443696976
18.1018788815
19.2581040859
16.6362769604
16.3665230274
24.5413401127
15.7199821472
19.2874619961
15.9399380684
10.5277469158
5.34308886528
5.93357586861
14.3293831348
18.351654768
28.1872749329
30.7642660141
15.7950899601
19.2041871548
16.0157091618
10.4678778648
5.34865093231
15.5350298882
15.8446350098
19.7533690929
13.7832920551
25.6619510651
19.9940960407
19.2023758888
18.5186929703
10.8380510807
3.03186821938
15.643404007
15.8480920792
12.6887729168
13.2985789776
19.8629500866
18.9366090298
24.1834461689
16.3296940327
22.8390240669
3.30931901932
17.4313778877
18.459291935
25.7691009045
15.9995419979
18.6201329231
23.0268230438
15.8946270943
22.3392820358
4.73624014854
0.884234905243
17.0725860596
18.8459119797
29.5119299889
14.5103619099
16.3119449615
22.9616978168
15.884567976
13.2450268269
12.2481839657
2.4714679718
