2.33324813843
3.51349902153
3.0785150528
3.87033104897
3.64741802216
3.3877351284
4.43837308884
4.26487278938
3.17812800407
2.97264409065
2.24368000031
3.5121948719
3.07873511314
3.86917901039
3.66353201866
3.52639603615
4.76356506348
3.77761411667
2.86384606361
3.28101015091
3.33256292343
3.61432290077
2.87726283073
3.96498298645
3.67059016228
3.37154793739
4.41001009941
4.7382209301
2.40171098709
3.31830096245
3.94729709625
3.50999903679
3.08053898811
3.82934498787
3.71336078644
3.52711510658
4.24302387238
4.24953985214
2.92095708847
3.29217290878
2.55906105042
3.50575900078
3.08005595207
3.94168782234
3.62041091919
3.70650696754
4.13796901703
4.19417691231
2.84510397911
3.31507706642
1.97872209549
3.6191380024
2.89996194839
3.7311360836
3.9536280632
3.67608785629
4.12985396385
4.14540696144
2.92756199837
3.28562116623
2.6962480545
1.29201698303
2.98574709892
4.60077881813
3.92334413528
4.30393505096
3.79225206375
3.79767203331
3.041492939
2.61977100372
4.11985898018
1.30246686935
2.99209809303
4.41544294357
4.07394695282
4.22801303864
3.89264798164
4.02025103569
2.77985286713
2.65044593811
4.12849497795
1.30163598061
3.00418806076
4.64684200287
3.83045101166
4.22842001915
3.89945101738
3.78146982193
3.00276899338
2.67244315147
4.13111591339
1.29254198074
2.98756098747
4.59977197647
3.93956184387
4.28638005257
3.79196190834
3.79619383812
3.22260308266
2.44900393486
3.75897097588
1.00764894485
3.00193095207
4.40288209915
4.10708189011
4.28659200668
3.78909301758
3.80047893524
3.03397297859
2.62866091728
3.48392701149
1.29098701477
3.00119805336
4.42211890221
4.05147314072
4.23432397842
3.89267611504
3.79555296898
3.21879506111
2.45210886002
2.13528895378
1.29730796814
2.99754309654
4.41700291634
4.08840703964
4.30752205849
3.78784108162
4.02102994919
2.80612015724
2.63031411171
2.45081615448
1.28939414024
2.97785186768
4.60660004616
4.54746389389
3.50522089005
4.04151701927
3.73163294792
3.01199197769
2.66212010384
3.5734038353
0.992602109909
2.98320293427
4.31168317795
4.37505316734
4.13910317421
3.78937005997
3.7789080143
2.99422001839
2.68497395515
1.67507791519
5.26260781288
3.11772680283
3.84397101402
3.86564612389
4.28592610359
3.78950977325
4.01994299889
2.7782959938
2.66002106667
4.09777808189
1.29154682159
3.01255297661
4.41143512726
4.07587003708
4.30485892296
3.79134202003
3.79030299187
3.04984879494
2.62990808487
2.48134708405
1.29229092598
2.97676897049
4.32517910004
4.367800951
4.14236211777
3.79109311104
3.79292082787
2.98395609856
2.69696307182
2.82905197144
2.63416004181
2.87565517426
5.58922195435
3.86896800995
4.36991500854
3.75102305412
3.7540640831
3.229418993
2.259319067
1.67809796333
4.94712710381
3.8362121582
3.45319795609
4.30644392967
4.2347779274
3.6194961071
3.1824760437
3.31819200516
2.1431760788
4.90656518936
4.96680307388
3.84738397598
3.39643406868
4.3494989872
4.23612999916
3.16009712219
3.63825297356
3.32204508781
2.14798521996
2.30002307892
5.27019691467
3.46763086319
3.50766682625
4.42630815506
3.79629182816
3.46290683746
3.95114707947
3.09655499458
2.06727194786
3.87497615814
2.51662182808
4.08281087875
3.020829916
4.13436198235
4.44550395012
4.2945997715
3.34572505951
2.7329480648
2.05382204056
5.12754297256
2.51966404915
4.0404419899
3.06140089035
4.38315081596
4.20556902885
4.29451799393
3.32592105865
2.52042889595
2.28130292892
4.14663910866
2.24838590622
3.85263705254
3.24275588989
4.16655182838
4.38146901131
4.32727003098
3.21885108948
2.55702996254
2.35918784142
3.89196896553
2.51582193375
3.89432406425
3.18830704689
4.20842003822
4.38446593285
4.53960800171
3.09640598297
2.50755810738
2.28509521484
5.13036584854
2.52054595947
3.90596079826
3.18537712097
4.21103715897
4.38466310501
4.29215788841
3.34646296501
2.50594091415
2.28813004494
3.20999097824
3.67632007599
3.89109802246
5.63962101936
3.70810103416
4.07054209709
4.44270801544
2.84593391418
3.02800178528
2.1655189991
2.91282105446
3.67715001106
3.89167618752
5.66854810715
3.67516279221
4.07583594322
4.44179582596
2.84631800652
3.02405691147
2.16842794418
2.91815209389
3.65682506561
3.94830393791
5.64894294739
3.66970682144
4.04960083961
4.47818112373
2.84818506241
3.02437877655
2.16647315025
2.85297584534
3.65665793419
3.87665581703
5.72921895981
3.6645359993
4.04106712341
4.47938418388
2.84528493881
3.0247130394
2.17028403282
2.83690690994
3.78881597519
3.75576305389
5.69719386101
3.68197989464
4.04907512665
4.47965908051
2.84553194046
3.02330303192
2.1726899147
2.83147907257
3.82516908646
5.41956996918
4.42949008942
3.08439898491
4.22426581383
4.47919893265
2.84643697739
3.02353596687
2.18070292473
4.19650697708
3.27807688713
3.60208892822
3.8177421093
3.66519212723
4.55025815964
4.2216501236
2.74471688271
2.98355793953
1.82019400597
2.82899403572
3.75303483009
3.96172690392
3.45054411888
4.27511191368
4.71132087708
2.41788196564
3.29605484009
1.81978583336
2.30550789833
5.40002989769
4.8497672081
3.9633409977
3.29980516434
4.39857697487
4.29434990883
2.84285879135
3.32318687439
1.8225569725
4.3947930336
2.93944096565
3.8910150528
3.65569496155
3.53677296638
4.24249196053
4.23067307472
2.91704010963
3.30853390694
1.82785081863
4.21890306473
3.07560300827
3.82283592224
3.70568919182
3.38377714157
4.91949915886
3.7727060318
2.83266496658
3.31819295883
1.82761192322
4.3967359066
2.86178302765
4.0383810997
3.61946606636
3.7138428688
4.12904405594
4.19614481926
2.85728001595
3.28054881096
1.82841491699
2.31581807137
5.38859915733
4.81931710243
4.00656104088
3.44941782951
4.2496471405
4.28882312775
2.86601305008
3.29718780518
1.83190703392
4.37326788902
2.81327199936
3.72640895844
4.00540518761
3.2918150425
4.92506599426
3.77643299103
2.85741209984
3.29031300545
1.83576512337
3.24067306519
2.73541712761
4.95374488831
3.99604487419
3.46082210541
4.25052213669
4.28961706161
3.1782181263
2.9750020504
1.8350019455
4.41138982773
2.90623688698
3.8869240284
3.64964199066
3.39159011841
4.43026804924
4.26471209526
3.179074049
2.9798719883
1.83487701416
4.53287601471
2.87537288666
4.31804919243
4.37415289879
4.14163994789
3.78827285767
3.79616093636
2.98881196976
2.66733717918
1.73067307472
4.10161185265
4.28310990334
4.31144094467
4.83438587189
3.5131649971
3.8542509079
4.14004206657
2.98646593094
2.44735312462
1.73077607155
5.05329680443
4.28643894196
4.43139004707
4.0986969471
4.29019188881
3.79161691666
4.02343702316
2.75840210915
2.67640995979
1.73354506493
4.56808805466
2.89443302155
4.6587998867
4.47266793251
3.5185520649
4.02620601654
3.96552300453
2.75817608833
2.68303585052
1.73305392265
4.60074281693
2.87933588028
4.31919908524
4.37307691574
4.13594794273
3.79033207893
3.7927570343
3.218116045
2.42867302895
1.77676415443
2.41073989868
4.29041385651
4.42829108238
4.70307803154
3.50443291664
3.87074708939
3.90929389
3.00459194183
2.651501894
1.73774600029
5.4716899395
3.89002990723
5.34743690491
5.76921987534
4.45008397102
3.64490199089
3.75621795654
3.24102091789
2.26823687553
1.8848938942
2.80096793175
3.81386995316
5.4246931076
4.42916321754
5.71692109108
3.72687005997
3.69299507141
3.30497384071
2.26240491867
1.89522409439
5.46479105949
3.80856490135
5.44583106041
5.6793050766
4.78800010681
3.38037085533
3.69999909401
3.3006401062
2.26004290581
1.90140414238
3.88635182381
2.87435603142
5.83875703812
4.00967288017
3.99605584145
3.74851584435
3.7533531189
3.23466682434
2.27472686768
1.8694729805
5.21572399139
4.44273114204
5.43420314789
6.11259293556
3.99653196335
3.95310091972
3.55844497681
3.28182792664
2.23634409904
1.89604091644
4.4942548275
3.82053995132
5.42596197128
6.12488412857
4.01801300049
3.72738695145
3.74659705162
3.27475404739
2.21966409683
1.90720486641
5.10651707649
2.52068400383
4.22695279121
5.62162184715
4.34557080269
3.95226621628
3.49936103821
3.3412361145
2.22683787346
1.90225410461
4.51789498329
4.01727104187
5.22943210602
5.69285297394
4.41948318481
3.74663805962
3.69901394844
3.29089713097
2.27737998962
1.90575098991
4.8404750824
4.44208598137
5.42856502533
5.69265508652
4.44543910027
3.72866892815
3.75465297699
3.22235703468
2.2861700058
1.87808299065
3.93812799454
2.764564991
3.72314405441
5.77039909363
4.36621189117
3.92939996719
3.56053805351
3.27178406715
2.23467898369
1.88410902023
2.26084303856
5.48324012756
2.98810005188
4.31481599808
6.12909317017
4.30349087715
5.14640808105
3.24516391754
2.09793782234
1.49251317978
2.265583992
5.06259799004
3.42857599258
4.01645708084
4.5950717926
6.14817285538
5.36046814919
3.00705385208
2.13230609894
1.49466085434
4.84858989716
4.93808603287
3.33536720276
4.31803607941
4.1730890274
6.2523419857
5.58702588081
2.80629706383
2.12389397621
1.49435400963
4.80899906158
4.93701505661
3.33604216576
4.01686191559
4.47433185577
6.2096850872
4.03393721581
4.38048386574
2.13280797005
1.49669504166
2.20547199249
4.93681192398
3.3372220993
4.013931036
4.47352194786
6.25445103645
5.38169503212
2.9942009449
2.11036205292
1.51122403145
2.23841500282
4.95961499214
3.32845807076
4.01517605782
4.47315883636
6.25625109673
5.15709209442
3.20686101913
2.11952590942
1.51181292534
2.07318997383
4.93688106537
3.33637881279
4.31435084343
6.13027119637
4.25404810905
3.81949210167
4.59350180626
2.12727594376
1.51681494713
3.02956295013
5.06192708015
3.42919111252
4.31627988815
4.16948103905
6.2531709671
5.38873910904
3.01431298256
2.09974813461
1.50815391541
5.05007505417
10.9084348679
4.3740029335
4.13351583481
3.79651808739
3.80506706238
3.00661587715
2.65321302414
1.73194789886
0.570229053497
4.49362707138
4.01900005341
5.23540210724
5.74718093872
4.71491217613
5.64406204224
2.93990898132
3.0259180069
2.18217611313
1.28465819359
3.97351098061
4.86649489403
5.60465693474
3.72503209114
4.04157996178
4.47869110107
2.84473490715
3.0242190361
2.17167520523
1.28820705414
3.87984800339
4.94397902489
5.72358202934
3.62885904312
4.0755109787
4.44167089462
2.84312701225
3.02513194084
2.16862607002
1.28911399841
4.2194108963
4.55738401413
5.70837402344
3.67707204819
4.077272892
4.44025301933
2.84568285942
3.02478599548
2.16538596153
1.2897439003
3.9795601368
4.8062171936
5.64096498489
3.71612596512
4.04944610596
4.48038911819
2.8467259407
3.02256298065
2.17731499672
1.29528212547
4.14121699333
3.07639980316
5.84114694595
5.41507506371
4.24353885651
4.44330096245
2.8478770256
3.02455806732
2.18127393723
1.29147481918
3.89653611183
4.93682718277
3.33900785446
4.31691002846
6.16453099251
4.28515481949
5.578758955
3.80229401588
2.0604789257
1.1090130806
3.14842510223
4.01100182533
3.33762097359
4.31412291527
6.12270021439
4.30596017838
5.59413409233
3.8028190136
2.06096816063
1.1087539196
3.60093307495
3.50427412987
4.44485807419
5.74719810486
4.52747488022
3.97244000435
4.87451505661
2.61568188667
1.81977200508
1.10879015923
2.77823805809
11.1193749905
3.86981916428
4.39717411995
3.72810196877
3.75395894051
3.21781516075
2.27962779999
1.87766289711
1.07502222061
5.47254705429
11.1197299957
3.95868706703
4.2812640667
3.74814295769
3.75028085709
3.22642803192
2.2767059803
1.90356183052
1.0730369091
5.4432079792
3.42904019356
4.01400089264
4.47307395935
6.20763301849
4.0421500206
4.37267208099
2.13489699364
1.50378108025
1.07637786865
5.44625091553
3.42958402634
4.01514410973
4.47174906731
6.20627188683
4.03399801254
4.42642807961
2.08494210243
1.51654601097
1.07740497589
2.19140815735
5.5007481575
5.59118199348
5.80674886703
6.37648200989
5.16185808182
3.25201892853
2.09203600883
1.50598192215
1.08013010025
3.56517004967
13.23447299
3.71718096733
4.07707214355
4.44338583946
2.84715104103
3.02724504471
2.18278503418
1.2852640152
1.08050608635
5.90833878517
5.59423112869
3.53281593323
4.43292093277
6.15227198601
4.03339910507
3.52832007408
1.94659495354
1.10819387436
1.08224797249
5.92856097221
5.58433294296
3.54624986649
4.42948794365
6.25956988335
4.95589113235
2.61439704895
1.82347893715
1.10758399963
1.08266687393
3.14698982239
11.4597630501
4.53602981567
6.09738707542
4.04367208481
3.06543803215
2.55529403687
1.82908606529
1.10946798325
1.08346104622
5.90959596634
5.64888000488
5.78787899017
4.46171021461
5.84757614136
3.07501506805
2.55298304558
1.82153511047
1.1075592041
1.08428192139
5.21875405312
12.3211109638
4.48442387581
6.24949097633
5.39710211754
2.97397899628
2.13341498375
1.50172901154
1.0800921917
0.883111953735
11.369754076
4.62526798248
6.12954998016
5.39592194557
2.98541688919
2.13730502129
1.50302696228
1.0806388855
0.883439064026
3.12609100342
11.4637320042
4.41289710999
6.24412202835
5.16981315613
3.20482301712
2.13528203964
1.49339318275
1.08484005928
0.88907289505
5.87221908569
5.64777493477
5.75374889374
6.35967183113
5.38761115074
2.97600197792
2.13040304184
1.50294685364
1.07851099968
0.886945009232
4.79508304596
11.3728868961
4.50420594215
6.24590086937
5.37232398987
3.02664995193
2.11880683899
1.51110887527
1.07788586617
0.888556957245
11.4075148106
4.46483802795
6.20627593994
4.08913803101
4.3272998333
2.13869380951
1.50409889221
1.07881188393
0.89150094986
3.16595196724
11.4042730331
4.58797097206
6.13308596611
5.16981601715
3.2221031189
2.12217187881
1.50153589249
1.0779299736
0.894740104675
11.0568959713
5.81436610222
6.34018802643
5.38145899773
3.05422115326
2.09309601784
1.50177192688
1.08346509933
0.895128965378
4.8185441494
11.4069609642
4.46440601349
6.23499393463
5.60250902176
3.81058001518
2.05312204361
1.10896682739
1.08316612244
0.747292995453
3.16724419594
11.3698120117
4.50240206718
6.24156093597
5.59314918518
3.81033301353
2.05322384834
1.1092979908
1.0837328434
0.747200965881
