4.53394699097
5.97834706306
7.3747189045
6.21250009537
7.5567240715
4.5935049057
8.18966388702
5.10499811172
4.30365610123
4.33989810944
5.4301571846
4.19449710846
7.88112998009
8.8413939476
7.29796814919
4.83099102974
7.27496981621
5.60761904716
4.4785490036
4.39709615707
4.72647190094
5.96916985512
7.43798995018
8.39044189453
6.50942111015
6.8788189888
7.61494994164
4.40100097656
4.01415014267
4.14818906784
4.81461691856
5.28934788704
7.07157802582
7.81907820702
6.61873602867
7.40931606293
7.55439901352
4.43400192261
4.02830004692
4.14639902115
6.35112380981
6.72983598709
9.16831898689
6.31286907196
5.6756901741
6.14311313629
7.55078291893
4.73520684242
4.22189903259
4.41886997223
5.6720199585
8.34855890274
7.16327905655
4.66146492958
6.62331914902
7.58071780205
7.41838288307
6.56348204613
4.36126804352
4.53755116463
4.81054496765
8.34927487373
7.16443014145
7.35165596008
3.85718083382
7.45782995224
7.59500479698
6.59484601021
4.3179910183
4.58442306519
5.25331091881
8.34764695168
7.164716959
7.34950184822
8.24067378044
7.17610907555
6.19732308388
3.87587809563
4.3596470356
4.54035806656
4.95819306374
8.73660588264
6.86927604675
4.57214617729
6.62319803238
7.37629294395
7.82006406784
6.33392500877
4.44282603264
4.49328589439
4.65216302872
5.96735215187
4.77029800415
9.08677697182
7.29975795746
8.24321889877
7.60136294365
6.39209008217
4.31975698471
4.59082102776
4.40229701996
3.95197081566
6.99344205856
6.97529697418
7.12842297554
5.38435196877
5.92035698891
7.29295396805
8.1655960083
9.8900001049
4.31447315216
5.33299207687
4.48253297806
6.83741784096
7.44762897491
7.8317759037
7.12233614922
7.39094305038
5.4868721962
6.65518403053
5.4310760498
5.81843400002
6.42823910713
6.64735603333
6.42159700394
8.90774917603
7.10705089569
6.82753181458
6.22841596603
6.55030083656
4.25183701515
5.3294069767
6.11733388901
7.85938096046
7.35007810593
5.00720119476
7.37967181206
6.92014217377
6.1410548687
6.55747509003
4.72769594193
5.29088306427
7.09471201897
7.80212306976
7.0347340107
6.96865487099
8.27478003502
6.29026508331
5.72114896774
4.24565696716
4.6592810154
5.97620892525
7.42183113098
7.78573203087
6.60029196739
7.56791210175
7.38687801361
6.98205685616
5.72329092026
4.25738501549
6.37975597382
6.67947697639
9.71090602875
4.15777897835
8.46241211891
7.26038885117
5.50960898399
4.5723028183
6.28786706924
4.24529504776
7.57279109955
5.5934920311
6.33936882019
7.57375097275
7.34961009026
4.99850916862
11.7178378105
6.71720695496
6.73764491081
3.72168302536
8.04394888878
7.6389400959
9.31948494911
6.40311694145
5.51335382462
6.15096092224
7.54720187187
6.82575201988
7.11361503601
3.72343683243
6.69501590729
4.61110401154
5.33926892281
7.35437083244
7.58078598976
8.25184488297
9.17264699936
6.44676017761
6.23264193535
7.73997306824
4.1301920414
7.63882112503
9.2493429184
6.3205640316
5.66581296921
6.14006710052
7.60516095161
6.76729893684
6.53225302696
4.33364892006
4.61096215248
7.94162678719
9.31837391853
6.25434398651
5.66322994232
6.14354395866
7.6202249527
7.13162708282
6.17164993286
4.32104802132
4.45168709755
5.32996988297
6.30327296257
7.67374110222
4.39405488968
8.64091706276
11.3581049442
5.98318910599
6.56971979141
4.32634997368
4.25482702255
5.33386802673
4.48011612892
6.83672094345
7.24164295197
8.04639601707
11.437484026
6.3071770668
6.56381678581
4.34152603149
6.44555306435
6.72787976265
9.23388981819
6.25363492966
5.66629505157
6.1408560276
7.61649298668
6.75832104683
6.55018901825
4.32244610786
5.90183210373
6.43020987511
7.30826091766
6.24525809288
5.67686200142
10.3369779587
7.92581510544
4.38880610466
4.38665103912
4.34711813927
7.58308601379
7.9517929554
6.64882206917
5.16211891174
7.09762096405
5.40678691864
11.3078100681
6.31140303612
7.14153695107
3.93096399307
4.14321684837
6.83754205704
7.36303496361
4.65941500664
7.03786897659
7.00359392166
7.76343798637
6.34563803673
6.31650686264
5.51723814011
4.63395690918
5.39213991165
5.92610001564
7.99063110352
4.39595293999
8.22806692123
7.10029888153
6.83914494514
6.22846794128
8.73784780502
4.56905984879
7.63786292076
9.25148582458
6.46888685226
8.25365900993
7.1176211834
6.49632287025
4.14012098312
3.81833815575
7.33537602425
4.48368096352
5.6248190403
5.82137107849
7.85825586319
7.3473379612
5.40844917297
6.99603104591
6.80907201767
6.23336982727
8.74348282814
8.2740008831
7.07412481308
6.20964789391
7.56321287155
8.07887792587
7.76567792892
6.34307718277
4.40925502777
4.54378914833
3.62592101097
6.45377993584
7.41400504112
9.41412806511
7.29965615273
8.24136400223
7.60407400131
6.76570391655
4.02893805504
4.49099993706
3.63072991371
7.9950261116
7.21053695679
7.82202792168
6.60390210152
7.40608906746
7.58529615402
6.56186795235
4.30961704254
4.58274412155
3.63200712204
8.06776404381
7.20096802711
6.05748701096
8.38205385208
7.57419610023
7.38542103767
6.55568504333
4.41506791115
4.52856302261
3.66960096359
8.14328694344
7.20618486404
6.0554728508
7.72335982323
8.04359984398
7.61286401749
6.52438092232
4.41552495956
4.52737593651
3.67704391479
6.05612015724
6.64305305481
8.95992612839
7.30107283592
8.05062699318
8.26891207695
5.86664009094
4.45735311508
4.48658585548
3.6803920269
8.15079092979
7.19095611572
8.44381284714
6.06272006035
7.35253405571
8.24191904068
5.87490797043
4.44369196892
4.48540711403
3.68597698212
7.99090909958
7.24998903275
7.76717185974
6.61484193802
7.4226360321
7.55433607101
6.59588813782
4.41208386421
4.48985099792
3.68425798416
8.14718008041
7.19435501099
7.81667590141
6.62041687965
7.38019704819
8.27133512497
5.90366697311
4.41477489471
4.48414421082
3.79095101357
5.05542302132
8.73412704468
9.74377799034
8.32805609703
7.37763810158
7.62205290794
6.52537608147
4.3471429348
4.58619809151
3.79949784279
5.89315080643
7.28629493713
6.93754291534
7.01280403137
5.36841511726
5.93428611755
7.29377508163
8.89610314369
9.06400990486
3.55998492241
5.82493901253
7.12744116783
6.98714494705
7.22609400749
5.27853083611
5.93094301224
7.14570403099
9.04649305344
9.15960884094
3.4720480442
5.90988707542
6.55052900314
4.54842710495
9.73391318321
5.82491803169
9.62421703339
6.84721684456
6.46596503258
7.89768505096
3.44167900085
6.04120492935
7.43283009529
6.67026019096
7.21807909012
5.29028606415
5.91642594337
7.18549084663
9.00660896301
9.22829699516
3.46919393539
5.80206799507
6.97726798058
4.47196888924
9.52984595299
5.47783589363
5.93364405632
7.14674711227
6.37490510941
7.34893894196
8.12620306015
5.66461491585
6.98014307022
6.97858905792
7.02189397812
5.48357796669
5.92361497879
7.1868429184
8.27639698982
5.43881607056
8.09530615807
5.67399096489
7.29139518738
6.78076982498
7.10833191872
5.27279901505
5.93371701241
7.14403414726
6.38167119026
7.33849811554
8.13051009178
5.9243118763
4.84324908257
4.13718914986
8.86867785454
8.99253201485
5.78118610382
7.95124292374
7.95049905777
6.8495850563
6.3013458252
5.90363788605
6.62114787102
9.14963293076
7.34785985947
5.00042200089
7.40028905869
8.96203398705
5.57485580444
5.06875491142
3.72711086273
5.9467151165
6.71284413338
9.51684403419
6.48738098145
8.18115592003
7.11052393913
6.82590913773
6.2344558239
6.5575799942
3.72893095016
4.55777287483
7.63837099075
8.67656588554
6.39421010017
6.16445088387
6.14332318306
10.6311240196
6.13671088219
6.54807901382
3.74051308632
5.44939088821
5.81685996056
6.61877083778
12.9266228676
6.10911893845
10.338873148
7.94005799294
6.12349581718
5.06438279152
3.73950004578
6.14030003548
6.47205090523
9.09630990028
6.92944192886
8.58760094643
6.73441815376
6.79284000397
6.23217988014
6.55611300468
3.72718381882
6.0432779789
6.78683900833
9.38456892967
6.55419206619
8.17935299873
7.10168409348
7.40896606445
5.49303603172
6.66127109528
3.78764009476
4.62840604782
7.63818311691
8.87619781494
6.68743300438
8.42333698273
7.09937596321
7.41559910774
5.48776602745
6.65383005142
3.80954194069
4.73320698738
7.63641691208
8.87416195869
6.84505391121
8.26071310043
7.10814404488
6.50712704659
6.55253911018
6.55774283409
3.75004911423
6.20643496513
7.63965177536
8.65593099594
7.49551200867
7.83569192886
11.4367489815
6.30917406082
3.82730197906
5.13257288933
3.76555800438
5.90264701843
6.42852210999
6.6705019474
6.35776686668
8.945333004
7.1062309742
7.40320706367
5.49027705193
6.82926702499
3.64306688309
5.90360617638
6.88109302521
8.89373016357
7.34902405739
5.0000269413
7.37775206566
6.51455187798
6.54990100861
6.55534410477
3.76461720467
6.21722412109
6.72508215904
8.56876587868
6.38505601883
6.2013771534
6.14426398277
10.6265380383
6.13671898842
6.55692100525
3.81363010406
4.55872392654
7.63497686386
8.67800688744
7.47023105621
8.23944091797
6.73504805565
6.47434902191
6.5531899929
6.55752515793
3.81848192215
4.84443187714
4.42800283432
7.21461391449
8.37959885597
9.8735730648
9.74774098396
8.88472890854
7.86126303673
4.56374001503
3.93462896347
4.22646784782
6.89645695686
7.63005208969
8.02370405197
7.8575091362
7.77400398254
8.73143100739
7.86014389992
4.55135512352
3.93773794174
4.87413096428
4.42931318283
7.21277689934
7.54714298248
6.91410899162
10.0470280647
9.19282388687
8.12742805481
7.41587400436
4.02721881866
3.94367909431
6.3699901104
10.3926410675
5.01768493652
7.81105184555
7.76574611664
8.74072313309
7.85493397713
4.56216192245
3.9752099514
8.14962005615
7.24448609352
7.76456093788
6.61873984337
7.38419604301
7.58243703842
6.98342084885
5.93804717064
4.03951001167
4.00887799263
6.20854091644
6.6426589489
8.95607590675
7.96281909943
7.37582015991
7.81421804428
6.36322498322
6.28714990616
4.07032608986
4.01352500916
6.48424100876
8.36435317993
8.46314620972
7.29969000816
8.07217407227
7.58757400513
6.95168209076
5.7206401825
5.70502495766
2.57356405258
6.05914020538
7.14286017418
8.45744895935
7.96486401558
7.37383008003
7.81704187393
6.7503349781
5.71641588211
5.70823502541
2.59608101845
3.35070109367
7.22162604332
5.12851190567
8.57160711288
8.39958691597
5.78052687645
7.95284581184
9.9107940197
9.43661904335
3.1174390316
5.57321286201
6.95283889771
7.09761595726
6.90212011337
5.49025797844
5.92470598221
7.29489803314
10.4664170742
9.5360519886
3.14113306999
4.22311592102
7.75589179993
9.44972801208
6.46967792511
8.2585811615
7.12245297432
8.95823597908
5.57423996925
7.24794387817
3.19041395187
6.06664204597
6.69208216667
9.09332180023
6.69577813148
8.32182478905
11.5315029621
6.715487957
6.17464804649
4.30935311317
3.43385887146
4.03555393219
7.6353738308
8.87325716019
6.69812703133
8.40998578072
11.4351110458
6.32122707367
6.54641079903
4.34080505371
3.50418400764
4.02057695389
7.88188004494
8.70802402496
7.35045695305
4.99804806709
7.37795186043
6.92605996132
6.13444185257
8.73635911942
3.29899907112
5.75113010406
6.88760185242
8.8922059536
7.34802293777
5.00547504425
11.7080309391
6.30579304695
6.57649707794
4.32853507996
3.55628800392
10.4294741154
4.77132511139
9.08367013931
7.29967403412
8.24701786041
8.07276701927
6.29346990585
5.9399831295
5.48576903343
3.74573087692
6.23348784447
8.1787879467
8.83566308022
6.13462615013
10.5593161583
8.4579679966
7.99662995338
5.72460603714
4.12852478027
3.32384204865
6.23866319656
7.4158449173
7.67963314056
6.74501895905
10.3823289871
8.65215492249
6.12193512917
7.5499958992
4.45195102692
3.05504107475
6.60624504089
5.35459399223
8.00881505013
6.74110913277
10.0816829205
8.97580194473
7.96124315262
5.74447894096
4.10633778572
3.34587717056
3.95909810066
6.48162913322
10.2882819176
6.8768889904
5.93758606911
7.78556585312
11.9531037807
7.02796292305
4.12487506866
3.39018297195
6.17029380798
8.31164288521
7.93562817574
5.01662898064
7.80676007271
7.77479600906
11.9510900974
7.01430392265
4.13921499252
3.46177792549
5.57118487358
6.97549414635
7.25723099709
7.81730008125
7.67625117302
9.96786808968
6.22521710396
7.33392190933
6.64550709724
4.30542016029
4.80191993713
5.89373111725
6.81055092812
7.58178305626
8.24120211601
9.17121601105
8.3885140419
5.43573093414
8.09359693527
2.807970047
5.6719648838
6.97833919525
7.25932002068
7.83216905594
8.22733998299
9.38862586021
6.22673797607
5.9824988842
7.99225211143
4.306401968
5.57533311844
7.12343502045
6.81946897507
8.12540316582
7.64194011688
10.6189980507
7.95778989792
6.85609793663
6.28649401665
2.72349095345
7.43901801109
4.25104117393
5.37594890594
7.96464300156
8.21759700775
9.27226996422
8.28355789185
7.29514098167
6.29033708572
2.74969506264
4.07171678543
6.92247581482
6.98410797119
8.10917210579
8.22810697556
10.0443379879
7.50752997398
7.29737401009
6.28941893578
2.76762604713
6.48968076706
9.76294088364
5.34250998497
5.92040896416
7.95072412491
7.94702601433
6.84956479073
6.29957103729
2.77921104431
5.66436600685
7.14720201492
7.33231306076
7.59550905228
7.66158986092
9.84851694107
6.34958696365
7.3231651783
8.13960719109
2.90234994888
4.79279994965
5.3432431221
7.26705884933
7.66836619377
7.64128017426
7.41554784775
8.67721199989
6.3498210907
7.73992490768
4.3985748291
7.53304886818
4.23471403122
8.85543704033
9.00722384453
5.78542900085
7.18360710144
8.27603507042
7.29620409012
6.28962492943
2.84885120392
7.24729800224
7.56303811073
8.3419470787
7.31505990028
7.39982795715
8.02204704285
7.50611186028
7.29795789719
6.2886660099
2.84480810165
5.64915013313
7.22948217392
6.98617196083
8.1095468998
7.66098690033
7.28079485893
9.15278601646
7.09089612961
8.14155983925
2.94150400162
10.1590139866
9.24962210655
6.31242585182
8.42256307602
7.12162303925
7.38749504089
5.49063014984
6.66122102737
3.86026787758
2.55139303207
4.20349907875
7.63886380196
8.65311121941
7.28643894196
8.44983696938
14.187240839
5.42331695557
6.8301410675
3.61038208008
2.64351701736
5.7775580883
7.54519605637
7.17410898209
7.6174030304
10.3692982197
7.24169301987
8.16425895691
9.88530611992
3.50665783882
3.16192889214
4.80200409889
7.5046710968
8.32842707634
9.00697302818
10.0315980911
6.91163396835
6.43538689613
7.7458088398
3.48803687096
3.17756295204
5.56350302696
7.14701080322
7.23773598671
7.68333101273
10.3886320591
7.08841395378
8.3191549778
9.88683009148
3.46117901802
3.20786499977
5.66536903381
7.1463739872
7.33116102219
7.61490082741
8.21816706657
9.38954496384
8.89489793777
9.02368497849
3.69277691841
3.12195706367
6.60397982597
6.01953792572
10.1497290134
10.1733691692
7.47597098351
8.72955608368
7.85408616066
4.56165194511
3.90817093849
2.36136293411
3.81854319572
6.58272790909
11.1213161945
9.51559901237
6.86463308334
8.70152282715
8.36696887016
7.30714702606
4.10101079941
2.36125016212
5.66258215904
7.29238605499
7.17351698875
7.57156300545
8.25180006027
10.0446791649
9.8072810173
9.53710103035
3.13331794739
2.41297507286
5.65598106384
6.97940611839
7.10354208946
7.99032497406
7.62468719482
10.6486039162
9.91072201729
9.51144695282
3.04114317894
2.42121100426
7.91546201706
6.78608894348
9.41977000237
5.37237787247
5.92675614357
7.95096993446
9.80460619926
9.52778697014
3.12861704826
2.42705392838
7.53439283371
7.16250514984
9.46381282806
5.32621693611
5.93197703362
7.29625606537
10.471599102
9.51394295692
3.1533229351
2.40722298622
10.6830921173
8.51964306831
6.92898988724
8.17859601974
11.4350998402
6.31340003014
7.13533496857
3.7208480835
3.47600102425
2.11614012718
4.1251809597
6.58117794991
10.4266300201
6.77860093117
10.5429770947
11.7620930672
7.98128414154
4.56370997429
3.9442050457
3.3015768528
6.24002790451
9.08001089096
8.17416787148
9.35678219795
6.87454819679
8.93062114716
7.7614839077
7.78322100639
4.02595901489
3.30591607094
6.36334085464
7.41318106651
7.68229293823
6.73245215416
10.0908219814
8.96455001831
7.98988819122
7.68269610405
4.11901783943
3.30178999901
6.36474204063
7.41612482071
8.3104159832
10.062253952
9.63222718239
8.88594508171
7.85382890701
4.56047797203
3.90981793404
3.33609819412
9.13801908493
7.66161799431
8.02699780464
7.72887396812
7.89542198181
8.73104286194
7.85542798042
4.56020593643
3.97295999527
3.28050708771
6.53000092506
6.00835800171
8.20375084877
9.70760798454
6.50446605682
8.7214319706
8.34136390686
7.31465101242
4.1239991188
3.32299184799
6.26579189301
7.41467285156
8.31151604652
6.13161611557
10.3595290184
8.89165782928
7.74727797508
7.68657517433
4.13417887688
3.3262758255
6.60414981842
6.24418115616
7.1800570488
6.74303388596
10.4364860058
8.55177092552
7.96056199074
7.69498109818
4.1540350914
3.30521202087
9.07843804359
7.2652220726
7.30328893661
8.83458280563
7.88263487816
8.73566102982
7.85633206367
4.55751180649
3.9456589222
3.32807016373
4.02141284943
7.21474790573
8.37939882278
9.98960804939
9.65810394287
8.86372900009
7.88373613358
4.52656698227
3.93476104736
3.33194589615
6.34440112114
7.41447687149
8.30761122704
9.58695292473
10.1094491482
8.88295698166
7.96412706375
7.00775408745
2.77278184891
1.94994282722
6.07390785217
8.42408490181
8.69515705109
9.87819814682
6.51492786407
8.70046591759
8.02706098557
7.7429728508
3.99504113197
3.37025594711
9.14315700531
3.34393882751
8.36020493507
12.1209461689
7.44931387901
8.73093986511
7.88347482681
4.52598690987
3.91209292412
3.37332510948
3.90011620522
6.48381710052
11.0506100655
6.3732919693
10.323884964
11.6383368969
5.7824280262
6.89634394646
3.94352483749
3.35865497589
4.1168320179
7.17880105972
10.5296940804
6.77804899216
10.4676020145
8.54232788086
7.98899579048
7.67236804962
4.12745499611
3.36041092873
9.13586306572
3.29773306847
11.4335038662
8.86199092865
9.57039308548
9.28584289551
7.85410404205
4.45252299309
3.13266396523
1.91370201111
6.60957098007
5.35596513748
7.87077903748
6.94552493095
10.5113208294
11.637360096
8.22385501862
6.82580089569
2.95562195778
2.12798190117
10.0118970871
6.97291898727
7.13196516037
5.91776800156
9.63320422173
9.52054977417
7.08803391457
8.14207601547
2.8450858593
1.98256993294
6.94278097153
20.8132760525
8.42638492584
5.78287482262
7.18646097183
6.34033799171
7.32537293434
6.64981508255
4.33798098564
1.97478485107
9.51450705528
10.3402209282
6.87717580795
10.5800061226
8.47599411011
8.34324908257
7.31552410126
4.09174895287
2.36407709122
2.30670189857
20.6936078072
6.30122089386
10.1251480579
8.65469884872
6.20560598373
7.46497893333
4.18220686913
3.40423488617
1.84858393669
2.15242791176
9.51685094833
10.4778039455
6.81074595451
10.3121159077
8.66414904594
8.35665607452
7.31523299217
4.15589594841
3.33589196205
2.10221600533
9.5192990303
11.1695151329
12.2852299213
7.44854211807
8.73179316521
7.85657095909
4.56009316444
3.97643208504
3.27472305298
2.15749287605
41.3537700176
5.44370388985
4.95753097534
4.02814602852
4.49184703827
3.67585682869
3.33303499222
1.47569894791
1.21889090538
1.13093805313
19.7021410465
6.91372489929
10.3446409702
8.67448306084
8.0158290863
7.63360404968
4.16290283203
3.30063796043
2.14101600647
1.16900491714
42.329939127
9.51418685913
5.29574394226
6.87687897682
3.02512812614
1.8669719696
2.14211702347
0.647285938263
0.912025928497
0.935678005219
42.7341690063
9.48798203468
7.19718122482
4.06464481354
3.38960695267
1.98832988739
2.09881305695
1.169039011
0.834738969803
0.856549978256
8.28739976883
7.29275012016
6.29746818542
2.77907299995
1.9776391983
2.04412698746
1.08843278885
0.924102067947
0.744387149811
42.7425141335
8.52908706665
9.44526600838
3.55417203903
3.12151312828
2.91624093056
1.63458609581
0.844259977341
0.847831964493
0.676203012466
43.4002640247
9.8056511879
9.61316609383
4.53529596329
3.03633093834
1.62969112396
0.844167947769
0.848006010056
0.676150083542
0.321135997772
