0.720301866531
0.338482141495
0.400851964951
3.14757609367
3.17063903809
3.41711497307
2.51357102394
2.97720909119
3.50037884712
1.57593584061
1.84251785278
2.21839904785
2.16461515427
2.44160199165
3.3108561039
2.55861902237
2.85955691338
3.58046317101
1.57235383987
1.89805102348
1.28216004372
1.42849493027
1.33611083031
2.45888590813
3.07322883606
2.19108605385
2.96341586113
4.1091530323
1.60645508766
1.89641809464
1.31633210182
1.42734980583
1.48372292519
2.54227304459
1.83987307549
2.16705298424
2.97025990486
4.10308504105
1.60764694214
1.89965701103
1.42229199409
1.42662501335
1.48377299309
2.35725593567
3.07283782959
2.19341301918
2.95869803429
4.11381578445
1.60518598557
1.90138602257
2.05948805809
2.18190002441
2.83177304268
2.18768692017
1.13307595253
3.06757593155
2.09800291061
3.49097895622
1.6545920372
1.86621809006
2.01117706299
2.18498206139
2.82681179047
2.18833589554
2.33514809608
2.91465687752
2.33776497841
3.35839700699
1.65482497215
1.8660929203
2.23994684219
2.26793313026
1.95659184456
2.48361086845
3.36525678635
2.88864517212
1.81082701683
3.51070213318
1.8807888031
1.51419901848
2.2651720047
1.40185713768
2.34243297577
1.84711694717
2.20360612869
3.98300695419
1.8091340065
3.50704097748
1.88096499443
1.51445198059
3.70497107506
2.16812109947
2.44126105309
2.41298913956
1.97511506081
3.64323186874
1.99113607407
3.09943389893
1.91439390182
1.49125790596
2.34686803818
2.14394807816
2.17207098007
2.94106388092
1.74108409882
3.23715901375
3.38970589638
2.62640690804
1.9382109642
1.47946619987
3.90242910385
1.48648285866
1.48341202736
2.28580117226
2.81090593338
3.40206694603
2.89466309547
2.42900800705
1.95970106125
1.50157880783
2.20653510094
2.2715139389
3.65051603317
1.93825006485
2.20285892487
3.98449110985
4.33265995979
1.69795703888
1.93326807022
1.48347496986
2.00059390068
2.26891613007
1.95799589157
2.48181700706
2.27631092072
4.02274298668
4.29787802696
1.6974401474
1.93643784523
1.48456907272
2.09303092957
2.25183296204
1.95752120018
2.47977304459
2.26799106598
3.99249505997
4.3345720768
1.70105099678
1.93387413025
1.4845468998
2.22079801559
1.40616798401
2.34396195412
1.67309212685
2.3461151123
4.06182289124
4.29188203812
1.69887399673
1.93503403664
1.48750495911
2.31112718582
2.25461697578
1.95724892616
2.48554587364
2.26815390587
4.03141593933
4.29468584061
1.70147800446
1.93615293503
1.49012899399
2.2929520607
2.25573182106
1.95311307907
2.48410487175
2.27546095848
3.97668194771
4.34208703041
1.69802999496
1.9348590374
1.4918961525
1.17970108986
2.206594944
1.08312320709
2.23327803612
2.2662820816
3.98498511314
4.34649205208
1.69783520699
1.93419313431
1.49638199806
1.95829296112
3.59363412857
1.74050498009
2.34940910339
1.94013690948
2.95218110085
3.44876694679
1.69759297371
1.93349385262
1.49494814873
2.26804494858
1.95638990402
2.4831328392
2.27638196945
4.02035307884
4.29470086098
1.69918584824
1.93436789513
1.49987697601
1.83213400841
2.21864509583
3.34361886978
3.4249420166
2.54415988922
2.85584712029
3.59231090546
1.57179689407
1.89627385139
1.48320698738
2.58809995651
2.14238381386
2.16458582878
1.60828709602
3.38742399216
2.87007689476
4.10627388954
1.61155414581
1.89497995377
1.45830988884
2.43221497536
1.50692200661
2.35929393768
3.08693790436
2.22035002708
2.92328286171
4.10446405411
1.60511803627
1.89483690262
1.46235203743
2.612637043
2.17259407043
2.44567394257
2.67433094978
3.18976211548
2.87512993813
4.10477995872
1.61006498337
1.89837002754
1.45954918861
1.37274622917
2.27434301376
2.16418004036
1.60979104042
3.38741493225
2.8744161129
4.10381793976
1.60949087143
1.89683103561
1.46622395515
2.29815912247
2.17150497437
2.16421484947
1.60776901245
3.38885307312
2.86629009247
4.10694503784
1.60633897781
1.89426612854
1.47466897964
2.59629297256
2.14103603363
2.1681830883
1.60867786407
3.38923501968
2.86674213409
4.10931396484
1.60838699341
1.89490699768
1.46071910858
2.56857204437
2.17250180244
2.17251706123
1.60586690903
3.38722610474
2.86759400368
4.1138150692
1.60451102257
1.8968129158
1.46911478043
0.517186880112
4.37128901482
2.16302800179
1.60986208916
3.47077703476
2.79612207413
4.10297107697
1.61199402809
1.89980792999
1.46961593628
2.41683888435
1.36664581299
2.46053409576
3.07212090492
2.17629504204
2.97695398331
4.1072101593
1.61254811287
1.89783287048
1.47064089775
1.40688586235
2.27105998993
2.16497707367
1.60802412033
3.38482904434
2.86944293976
4.11664795876
1.60335087776
1.89651298523
1.47613286972
2.31640100479
2.1708920002
2.17620611191
1.60625600815
3.47134590149
2.79434108734
4.10693502426
1.61009883881
1.89763307571
1.47958397865
1.28870606422
2.27487683296
2.44335198402
2.67771792412
3.18946695328
2.86973905563
4.11316108704
1.60397315025
1.89758300781
1.47324490547
1.32559418678
2.27413988113
2.16573905945
1.60865902901
3.46918106079
2.79781293869
4.11632919312
1.60481619835
1.89705705643
1.47667694092
2.42351698875
3.61567091942
2.49233102798
3.06339597702
2.24736213684
2.91550898552
4.1070868969
1.60997796059
1.89438796043
1.48921990395
2.33529901505
2.1427230835
2.16892910004
1.60681009293
3.38778281212
2.86951589584
4.10349082947
1.61107611656
1.8951280117
1.49015402794
2.59364891052
2.17316317558
2.44513702393
2.6770939827
3.18930792809
2.868060112
4.10598897934
1.61077284813
1.89666700363
1.4916331768
2.08691883087
2.18268585205
3.14972305298
2.90088105202
3.063341856
2.6696870327
3.02477097511
1.6539080143
1.86582899094
1.65226888657
2.04666614532
2.17625212669
3.00967717171
3.01198220253
3.16735506058
2.23225402832
3.35869598389
1.65691590309
1.86836099625
1.65292406082
1.95476102829
2.17810106277
3.00874495506
3.01010012627
3.06498599052
2.66089701653
3.03077411652
1.65471601486
1.86677503586
1.65366005898
1.95010209084
3.57125806808
1.93822097778
3.29168391228
3.78049707413
3.45117497444
1.6964430809
1.93332600594
1.48141098022
0.89003610611
3.1102309227
3.17013096809
3.41683888435
2.54273700714
2.85136198997
3.60485291481
1.57310318947
1.89933609962
1.48421502113
0.906267881393
4.35699796677
2.16469502449
1.60837817192
3.39073395729
2.86033201218
4.11171102524
1.60276198387
1.89444994926
1.49043488503
0.881227016449
3.9112970829
3.14830803871
2.89772391319
3.06358885765
2.33609008789
3.35873198509
1.65446615219
1.86584115028
1.65269494057
0.749577999115
1.95996785164
3.57151794434
1.76203012466
2.34677505493
4.01664018631
4.33197593689
1.69996213913
1.93276286125
1.4895169735
1.63314795494
4.19525384903
1.9550139904
2.48524188995
3.36478590965
3.78119397163
3.45168685913
1.69887280464
1.9322681427
1.49073505402
1.63552212715
4.18922710419
3.67618489265
1.74226593971
2.37668299675
3.98690199852
4.32499194145
1.69725012779
1.93517184258
1.49319195747
1.63959002495
1.95937895775
1.8709731102
2.48218488693
2.27261996269
3.98389601707
4.33901810646
1.69769191742
1.93211388588
1.48264598846
1.63766098022
1.98867487907
3.56708216667
1.77068185806
1.33987879753
3.89144396782
4.29207587242
1.69863605499
1.93236494064
1.48961496353
1.64066505432
1.90305519104
1.48459196091
1.64206695557
3.7231798172
3.34391880035
3.4179649353
2.55754899979
2.84716510773
3.59348392487
1.57027792931
1.90100598335
1.48613810539
1.6406788826
3.09821200371
3.16953587532
3.41815304756
2.55985784531
2.83739495277
3.60622096062
1.57121682167
1.89882087708
1.48341202736
1.64075493813
3.71482610703
3.3427438736
3.42303609848
2.50878405571
2.89885497093
3.5831258297
1.57071995735
1.9013030529
1.48418712616
1.64131212234
2.84713792801
3.1719019413
3.41642093658
2.50562286377
2.87773108482
3.6048169136
1.57073497772
1.89903998375
1.4845199585
1.64702391624
1.44850993156
3.29082894325
3.42322301865
2.5079600811
2.97677707672
3.50460410118
1.57039618492
1.90155100822
1.48232388496
1.64832186699
3.1882610321
3.16890001297
3.4203350544
2.50837492943
2.9077038765
3.57923388481
1.57599902153
1.89741396904
1.48602795601
1.64930915833
3.34321403503
3.42052507401
2.50775098801
2.88627505302
3.59403800964
1.57292604446
1.89995503426
1.48480701447
1.6530251503
3.06426596642
3.16691684723
3.41715908051
2.50407791138
2.89766192436
3.59652590752
1.57314109802
1.90090203285
1.48489904404
1.65544605255
4.35530209541
2.16193294525
2.93883895874
3.19373011589
2.85647892952
4.10645794868
1.60632395744
1.89385199547
1.48605203629
1.62585806847
.10519003868
2.16817116737
1.6069688797
3.39236903191
2.86309909821
4.10682702065
1.60623812675
1.89606618881
1.46471381187
1.63026714325
2.0791118145
2.16924595833
1.60536408424
3.38964104652
2.86610913277
4.10805392265
1.60561704636
1.89498281479
1.49139809608
1.62716317177
2.16420412064
1.60563206673
3.46849608421
2.79633808136
4.10445404053
1.61019086838
1.89359211922
1.4621219635
1.63336896896
1.62729501724
2.97802805901
3.00866913795
3.1680700779
2.56754994392
3.02432084084
1.65832400322
1.86729598045
1.65146803856
1.47379207611
3.10464787483
2.73575091362
3.00748205185
3.06295394897
2.20569300652
3.49212288857
1.65425014496
1.86593198776
1.65144515038
1.47565078735
0.724171161652
3.24000120163
3.0161550045
3.16947102547
2.55818295479
3.03150200844
1.65563488007
1.86774897575
1.65226197243
1.47662210464
3.91987514496
3.00798606873
3.01140999794
3.16957497597
2.55917906761
3.03187608719
1.65317106247
1.8644490242
1.65265488625
1.47285294533
