6.38999009132
9.12876105309
12.8596408367
11.9849808216
9.45902705193
10.8503780365
9.56355500221
6.79139208794
9.27412796021
5.03471899033
6.43202900887
8.76896309853
14.380792141
12.9833841324
11.5261540413
7.95389890671
13.3101520538
7.3706548214
9.31821012497
5.36289095879
6.43636798859
9.17969298363
12.6554880142
12.6744530201
8.94276404381
10.8208880424
11.2556900978
9.03339004517
8.17810797691
5.27945208549
4.85886192322
5.64165782928
9.95494794846
13.9304158688
12.8096671104
10.056978941
13.9258580208
7.06617999077
11.7152659893
5.51829791069
8.67314291
14.9881298542
12.5459039211
9.06387090683
10.8167929649
11.2464299202
5.38179016113
8.97824478149
5.05721211433
5.05896711349
5.67129516602
9.14749693871
13.3274769783
15.4165680408
11.4719521999
14.1186151505
7.17651700974
9.27471899986
5.04559898376
5.07238507271
9.05375289917
9.94540405273
12.4899191856
14.5030360222
10.4452469349
12.7126030922
7.38612389565
9.29849100113
5.01903700829
5.08170104027
8.75654292107
8.41152906418
10.4062919617
12.6352748871
14.781678915
14.5537838936
6.74408912659
9.31351709366
5.0152220726
5.10231208801
5.95041203499
9.05147886276
9.95506811142
18.9381520748
17.2758328915
14.1449530125
7.15105319023
9.75133609772
4.57905912399
5.2351629734
4.47080588341
8.58752608299
11.9973061085
11.905107975
12.6571340561
14.0575559139
11.3719730377
8.02964091301
8.04867291451
5.22924113274
9.135409832
9.94979119301
12.4785778522
14.2280459404
10.1366710663
13.3467209339
7.64249801636
9.00224113464
5.02200007439
5.23900794983
7.60440897942
14.3723890781
9.42480707169
12.9103248119
10.1371538639
13.3547899723
7.32387709618
12.0658941269
5.49448418617
3.65407013893
7.22216296196
9.13380002975
12.8547251225
11.6526401043
15.1061890125
11.5313880444
10.6386380196
9.00133299828
8.10812783241
3.78756904602
11.7068121433
11.3279240131
11.9139518738
12.656471014
13.7436330318
8.4427921772
8.94188594818
8.10673213005
5.49432706833
3.64325094223
2.84837603569
8.68563199043
9.54826402664
15.412856102
11.6333138943
14.0280132294
8.03694701195
10.0183019638
9.73186397552
6.552475214
11.6618959904
14.350112915
11.756814003
9.78773093224
10.9099788666
9.50196909904
6.75035095215
7.16745209694
7.18169593811
6.87975716591
9.30271291733
9.96280407906
18.929541111
11.5583159924
13.9087951183
8.03654503822
9.04249215126
8.05910396576
5.53715395927
3.66338992119
6.90996098518
13.4630641937
13.0813469887
12.7250289917
10.7374880314
13.3323140144
6.79235386848
9.27782511711
5.0229549408
6.89925909042
7.00899791718
9.23553013802
13.2581198215
16.0665938854
10.5468389988
14.3926939964
7.16866493225
9.73634505272
4.59872317314
6.88725185394
8.68489408493
14.9776158333
12.5451238155
9.03386592865
13.4203989506
8.68592309952
9.03267097473
8.10128712654
5.47424292564
3.69157791138
6.58667492867
8.93889594078
12.723320961
12.1246879101
14.7764451504
14.5271499157
7.36727499962
9.25536298752
5.38564610481
6.56483387947
9.06485819817
8.42036890984
14.0757420063
14.2195429802
10.1445031166
13.2512409687
7.42353510857
12.0643618107
5.50855398178
3.67961502075
8.67646622658
9.55643582344
10.4496910572
15.1923468113
13.0077781677
10.4791970253
9.23787903786
7.84754705429
5.51521682739
3.70336294174
8.78336787224
11.9815559387
11.9155449867
12.6955049038
10.8113071918
11.2545969486
5.37453794479
11.7164990902
6.07679200172
3.15610003471
6.35096597672
13.4284482002
13.6515069008
15.0066587925
13.3963940144
10.0734679699
9.24067020416
7.89715790749
6.03546905518
3.16185998917
8.78295302391
11.9921679497
14.5061199665
10.0778329372
13.714111805
8.3503549099
9.04257798195
8.05656790733
5.39763116837
3.83941602707
8.83915710449
14.312732935
10.1934320927
14.30027318
7.98501610756
13.3062059879
7.41177296638
9.71077203751
7.6751909256
3.85013484955
7.64812684059
14.3050251007
14.3842887878
13.8489217758
11.3085029125
8.55245184898
9.24323797226
7.8486468792
5.53647398949
3.70720791817
8.68118906021
12.0487701893
12.9307389259
11.6095759869
13.3888618946
8.77755188942
9.14998793602
10.1593580246
5.09864902496
3.6101629734
7.59598398209
10.0138919353
18.9483778477
11.5583581924
10.6997029781
14.568146944
8.16657209396
7.91600799561
5.25833582878
3.4594039917
8.86138606071
11.8220121861
11.8992679119
14.916490078
12.8289909363
7.11646294594
9.91936302185
9.39179110527
5.12445211411
3.59003806114
11.6985969543
11.3272631168
12.9996590614
11.5698211193
13.7544689178
11.6818840504
8.58957290649
7.46685004234
5.06159186363
3.6805460453
8.76384496689
12.0588219166
12.9322659969
11.5737640858
13.7532241344
8.35643696785
10.0092570782
9.38511395454
5.11781382561
3.64259409904
11.0145349503
12.008190155
12.98853302
13.8239400387
12.8339748383
10.5104629993
8.73993611336
7.16887187958
5.24730086327
3.50670599937
11.6907770634
14.3162329197
12.6709120274
15.0229740143
13.9043178558
7.1500620842
9.75246810913
4.58338308334
5.12464690208
3.6307990551
8.78053998947
14.9781432152
12.1205768585
9.48914790154
14.0264809132
8.13400292397
9.82288599014
9.48574018478
5.23967814445
3.52955794334
11.659662962
14.3150169849
11.7905809879
9.81660914421
14.0245709419
11.3724358082
8.13983607292
7.92310404778
5.12372994423
3.64951109886
9.11172699928
10.0155000687
21.6482820511
8.73763298988
13.3913319111
11.9993538857
8.90435814857
7.16998696327
5.07651400566
3.69570708275
11.0496349335
12.0498771667
11.8478078842
12.6602380276
14.0582611561
10.9609799385
8.45292496681
8.02588105202
5.08238196373
3.74634099007
11.3675739765
11.6625268459
11.9023590088
12.69099617
13.7139937878
11.6920230389
8.89108896255
7.18270611763
5.10209512711
3.71682715416
4.72244310379
11.2484660149
10.4122819901
14.346558094
10.5924799442
15.773124218
10.2400369644
12.117825985
7.26134705544
4.64685893059
11.7087960243
14.3502719402
12.0962090492
15.3350141048
14.1416420937
7.46685791016
11.7128899097
6.07803010941
3.10021686554
3.17334890366
8.76753997803
10.0239088535
21.6417329311
14.5708551407
14.0890557766
7.53257703781
11.7163140774
5.39045190811
3.807295084
3.13563394547
11.3587648869
11.6644310951
14.5101079941
10.0504190922
10.850828886
11.2452800274
10.0215001106
9.40181708336
6.88930988312
3.29421591759
11.6656591892
11.3883030415
14.4487810135
10.0362019539
10.9240138531
14.5035459995
8.61511588097
7.79276299477
6.59020280838
3.27723407745
12.2206931114
14.373636961
17.2958722115
10.156370163
13.2550039291
7.44205403328
7.15226507187
7.5107049942
6.53185892105
3.47682595253
10.0019199848
14.3728120327
16.9972448349
9.85578107834
14.120623827
7.19144701958
12.0179040432
5.37415504456
3.8201341629
3.4399960041
9.94441795349
12.4510710239
12.5101180077
15.1441218853
13.841698885
7.23598790169
12.0494689941
5.36947202682
3.77953219414
3.57861304283
9.94155192375
12.4144239426
11.7923588753
15.6649928093
14.0729048252
7.25578689575
12.0171391964
5.49495387077
3.71597981453
3.51760005951
3.67693090439
8.34698009491
14.1962249279
15.1600708961
10.6540591717
15.6360270977
12.3234398365
11.6641540527
8.55715084076
3.60064411163
4.00941085815
8.79415392876
12.9222888947
13.466299057
14.4104731083
9.36168813705
12.2250699997
14.2896130085
8.82569622993
3.31655597687
6.62667894363
13.6734910011
11.9710969925
17.6316549778
12.8058109283
9.84083509445
13.0518019199
8.12720704079
5.66375899315
3.46503591537
5.19585895538
10.9350278378
12.9788060188
12.6703650951
9.56361985207
15.6928498745
10.3183910847
13.5680580139
8.64628791809
3.63675498962
9.21963810921
9.64818501472
15.7955861092
11.7053880692
12.4405589104
11.2424910069
14.3637528419
9.24316501617
5.90380382538
3.36015796661
4.59741902351
6.64236807823
14.4781270027
13.1866910458
12.4614360332
15.5929689407
10.2179319859
12.2256228924
10.0341751575
3.82554006577
9.33002614975
11.1172399521
14.7912569046
10.4544560909
13.8357491493
10.4840199947
8.8286678791
11.4776539803
9.18026590347
3.72846484184
5.78652596474
12.3197000027
18.5689351559
14.7973251343
12.236301899
11.7649857998
13.993917942
7.13600587845
3.84999203682
4.13094186783
9.12362599373
10.8966631889
14.6154279709
10.449652195
13.1122970581
11.2152788639
13.9149808884
9.80693817139
7.65739607811
5.5883898735
11.324021101
12.5383789539
10.6391670704
11.0393929482
11.1890580654
11.2364861965
12.5791208744
10.2054538727
7.73713898659
6.11409711838
8.01510000229
12.6274490356
14.9064788818
13.1036739349
8.65291213989
13.6958270073
7.33891296387
4.66030597687
7.49753499031
7.74989104271
14.5382759571
12.7388160229
14.8528530598
11.8700208664
12.1316988468
11.3117830753
8.50879192352
5.15594887733
8.09234809875
12.4601759911
12.3092989922
12.3014538288
14.7860219479
9.60926294327
12.0961179733
11.3134069443
8.18804812431
5.48144412041
8.08646512032
8.41708993912
13.560475111
12.4110658169
12.4561469555
14.948515892
9.75726103783
13.7459340096
9.96450996399
4.66405415535
8.56354689598
8.78771901131
12.7675049305
11.8053541183
11.6174039841
14.2965409756
11.9121649265
13.9946460724
9.1439139843
3.29750394821
7.55182290077
8.86316585541
13.4806210995
12.3502941132
14.9077630043
9.36095404625
12.2871789932
14.1244859695
9.1462290287
3.09900712967
7.56126213074
9.28751897812
10.033588171
15.2027950287
10.2285649776
13.0644030571
12.0716669559
13.0572049618
12.0901138783
5.89466881752
8.50317597389
6.38743400574
13.6598808765
15.0482759476
14.8336250782
12.4445879459
9.91197800636
13.8639800549
9.96591711044
4.65443992615
9.70132803917
5.89976501465
7.92787885666
12.6919369698
13.6597249508
16.4920988083
15.730918169
13.5885210037
11.9177968502
4.5908870697
9.70706892014
8.5771958828
13.0162918568
12.8858261108
12.4512851238
10.7065649033
14.1412818432
13.8482620716
9.72187399864
4.70978617668
9.64622998238
8.94568705559
14.7460241318
12.3846590519
12.7209210396
12.7323870659
15.3675479889
12.2089388371
9.3050839901
3.14156603813
9.68054008484
9.53872704506
11.0224170685
17.2421929836
12.5268900394
14.3670270443
12.4742698669
13.7288839817
8.84142994881
3.33923006058
9.68251800537
11.38646698
12.5289280415
17.3915817738
12.475288868
9.67761993408
10.1011879444
13.9916899204
9.14226317406
3.34570789337
9.66934800148
5.95196700096
12.3194360733
16.4801490307
10.1812310219
18.617429018
12.0952301025
14.2919509411
8.80215191841
3.41790103912
9.64539599419
8.7936000824
10.8731398582
12.5260429382
17.3231720924
9.44952702522
12.2220580578
14.1896390915
8.93577384949
3.39114904404
9.65075492859
12.4601490498
14.9741818905
13.456936121
12.9070990086
9.68177199364
10.1524269581
14.2387750149
8.83946704865
3.70479893684
9.32358288765
12.2224168777
15.0656518936
15.572988987
13.0432198048
10.9200558662
9.24220299721
11.5703690052
9.21345591545
3.50310611725
9.33227992058
7.75673818588
14.7445499897
13.5507581234
11.6211140156
12.6704959869
13.6524250507
14.1836659908
9.03136205673
3.18465900421
9.69952011108
7.75228691101
14.5298640728
15.1016671658
14.7727921009
9.61910891533
12.6650221348
13.4329509735
9.33888888359
3.49499297142
9.37702798843
9.09634685516
10.6230831146
14.8883039951
17.1607379913
12.3808908463
11.6839010715
14.2325530052
8.81993603706
3.35943102837
9.7262699604
5.1293900013
14.742223978
13.548789978
13.8668441772
10.3975009918
10.6242749691
14.2752940655
9.82466316223
5.41774106026
9.65269303322
9.64584493637
14.7477259636
15.3760719299
14.2708978653
11.6462001801
12.627240181
11.410241127
9.1760468483
3.29992079735
9.78077507019
8.78451013565
13.553910017
9.98202395439
17.1904981136
11.6895661354
12.7091290951
11.4054400921
9.00188994408
3.31455683708
9.7793571949
7.75414586067
14.746478796
12.3828420639
11.03967309
15.878921032
12.6439869404
13.6212952137
8.91341710091
3.4135389328
9.70344591141
5.15276789665
14.7437329292
19.1334300041
13.4396071434
12.4284520149
8.72650814056
11.7542109489
9.0081911087
3.33361697197
10.0307159424
12.4157989025
14.8919980526
13.3548071384
11.2058560848
9.54604411125
12.1594479084
14.1212420464
9.14102602005
3.10491299629
10.0385677814
7.95387005806
14.3345470428
12.4940178394
17.428606987
9.44902586937
12.2246069908
14.179805994
8.91488718987
3.38155603409
9.98476886749
9.10611987114
10.5747721195
23.6026229858
12.7243740559
9.94610881805
12.2750020027
11.6434240341
9.03195786476
3.39261102676
9.96289205551
8.97253799438
11.2371578217
20.1655402184
14.5691280365
11.1524000168
12.7854230404
14.5320739746
5.89181494713
3.37649798393
9.96444392204
9.60555887222
14.5529580116
12.3846120834
14.9961969852
11.8694229126
12.7017071247
13.7289979458
9.02323102951
3.14083790779
10.0026299953
9.23532414436
14.747592926
15.3767790794
14.2865509987
9.48150396347
12.7911040783
13.6157939434
8.95245909691
3.70176815987
9.64455699921
7.77139997482
14.5287158489
12.4925181866
12.8276569843
12.7314810753
13.6526179314
14.0713019371
9.14809584618
6.28344202042
7.12937903404
15.0717689991
8.13784313202
12.6499450207
11.2180469036
12.7878038883
12.9904918671
13.349298954
10.189496994
3.82029795647
10.1010670662
13.2535510063
7.58509087563
13.5634520054
15.5885250568
11.5003790855
8.65697216988
13.8508930206
10.0639851093
3.61186099052
10.2762560844
5.90772795677
13.7654910088
17.8435139656
15.4213321209
13.1363799572
12.3190119267
11.5435371399
8.68068099022
3.6340739727
10.2907438278
13.3901221752
9.82123684883
13.0904700756
9.55268287659
15.7159440517
8.5736348629
11.1266150475
13.2002110481
3.19944596291
10.281717062
11.3878409863
12.5052599907
11.8348660469
13.8579521179
12.3510129452
11.6192321777
14.2882640362
8.80258584023
3.40661287308
10.2456049919
9.09577703476
10.7203240395
15.0561959743
16.8911430836
10.4330501556
13.7920198441
14.0593388081
8.82579803467
3.71651220322
9.9238948822
5.91987705231
9.83489704132
16.2721281052
17.438254118
14.2459549904
11.9739689827
13.9387059212
9.10436487198
3.33786201477
10.3237102032
11.3074851036
13.3217160702
9.96899604797
12.5908460617
12.732407093
13.7663240433
13.9478759766
8.91142296791
3.37995314598
10.2748711109
8.78671693802
10.8782930374
15.5177228451
14.2861878872
11.6405310631
10.0706100464
14.1771888733
8.95126700401
3.37504696846
10.2479360104
8.74854779243
13.0168831348
15.3220808506
11.9714071751
12.7404351234
10.0328090191
13.7332210541
13.2590389252
3.17886686325
10.3233480453
8.56254696846
11.1675560474
23.5553061962
12.723886013
9.78533887863
10.0509600639
14.126732111
8.93704009056
3.31336188316
10.3363070488
15.362817049
7.84377598763
15.9193789959
9.07016086578
19.273332119
14.1547968388
9.33037900925
5.54977893829
3.48096704483
10.2908730507
9.91530895233
14.7453019619
13.5532810688
18.9707460403
12.2162680626
9.20018482208
11.3685631752
7.21598505974
5.85777211189
9.78544712067
9.91532301903
12.4297578335
12.6824507713
14.4410181046
11.7340660095
12.5497009754
11.4420320988
9.10314702988
3.7184472084
9.96178984642
9.24129915237
14.7535200119
15.3746809959
17.1387009621
13.3276391029
13.5067279339
11.6348130703
5.37152719498
5.59782195091
6.29873299599
9.40260100365
10.3639500141
19.9918057919
14.5721979141
11.1672570705
12.5303390026
11.5067410469
9.36162400246
6.270373106
7.27270197868
8.79428100586
13.5488481522
18.1758711338
13.0372099876
10.9851431847
14.6214520931
11.6347200871
5.37028193474
4.14106702805
7.77424311638
8.20362401009
13.0878231525
12.8178069592
12.5715310574
15.5786750317
11.7618820667
13.8759710789
10.033233881
3.6271750927
10.4704370499
7.66119790077
11.5903348923
18.3172910213
15.4016878605
13.2229208946
10.2314250469
12.4693260193
9.74745702744
3.5981528759
10.5058460236
10.0377640724
14.0002160072
15.374614954
14.7935478687
11.5567269325
8.60163593292
14.1336190701
9.77671790123
3.79385304451
10.3531689644
14.9958071709
8.17217493057
14.3062860966
10.5915358067
15.7459700108
10.2685389519
12.1875181198
10.0656177998
3.60026979446
10.5473239422
5.99724411964
13.680768013
17.8590948582
11.752352953
20.4225568771
13.5983719826
6.6108288765
8.72526097298
3.57074522972
10.582556963
12.8488910198
14.3420360088
12.8234670162
13.2016100883
14.3976941109
13.7659289837
9.80469298363
4.64792013168
4.46857690811
9.28691506386
13.435628891
12.3267240524
15.7798318863
14.8646099567
12.7852671146
10.7782430649
9.80995798111
4.7453649044
6.61031198502
7.89475607872
13.0528380871
7.82539510727
13.5300700665
13.9903380871
13.1872289181
10.1855788231
13.6044540405
8.64387392998
3.62685012817
12.9749541283
10.0347940922
16.2809569836
12.8752918243
13.0794708729
12.0969171524
13.5080811977
9.35251808167
8.17748403549
8.5017080307
6.31917595863
7.60906791687
13.5053269863
18.0305569172
12.995942831
15.6164400578
18.0183081627
9.09153199196
7.16018795967
8.54821395874
8.2435760498
15.1695790291
14.3768811226
17.5060269833
12.9743070602
12.8325579166
13.5040831566
10.1911299229
3.44230914116
10.3290390968
4.65206098557
13.0796260834
9.05035305023
15.4300551414
13.1906991005
19.0783231258
12.9336309433
10.6860589981
4.7499089241
6.89802098274
9.99969983101
9.68563103676
14.4966001511
14.0939021111
11.389343977
19.3337550163
14.1570880413
9.38351511955
7.20886397362
9.67461013794
7.18428587914
8.73993682861
13.4888608456
12.2983460426
14.818215847
20.1401488781
14.4588899612
11.6447899342
4.65151691437
8.49964404106
8.35830211639
9.93598413467
11.468911171
15.4256629944
13.2295768261
21.5123610497
13.7486169338
7.31065797806
7.30367493629
6.90239906311
10.0215120316
8.98986697197
13.0155110359
12.7704131603
12.5787491798
22.3691248894
13.7064340115
12.404227972
4.60329794884
9.72442984581
7.33388090134
15.3881130219
17.5688769817
13.3992841244
15.1329619884
10.2738211155
12.5075819492
9.90445113182
3.67738199234
10.0931761265
4.91974902153
13.0344817638
13.3799920082
12.851667881
13.0250380039
17.4956760406
13.747592926
9.86960196495
4.80557703972
8.51594281197
8.52482509613
15.185959816
8.06236696243
13.5236558914
11.4541471004
15.696313858
18.0442290306
9.04772400856
7.25150418282
7.45678496361
9.59959101677
9.21892285347
11.4386339188
16.9840331078
19.9440979958
12.1765310764
14.6616408825
15.5637271404
5.64877891541
7.54573011398
5.17599511147
9.22879600525
14.5294878483
19.1047029495
20.3966741562
12.0978870392
14.1843080521
8.9365029335
3.71900987625
9.36602807045
5.68238282204
15.5598318577
13.9370849133
15.6544859409
22.2819969654
14.457118988
9.0713429451
7.17442893982
4.46258687973
10.1177561283
4.7381529808
15.117320776
8.02747392654
15.945045948
13.203042984
17.4803869724
13.9144389629
13.0938558578
3.15574908257
10.3279531002
7.32138299942
3.59514689445
7.65076684952
19.2693648338
16.2996017933
16.4442028999
14.6924111843
15.1119658947
12.4973978996
11.0079829693
11.9846668243
8.88026189804
13.798156023
13.5764861107
15.550235033
12.1960701942
17.6223738194
16.2075099945
10.9701631069
13.0858778954
12.4407749176
5.72372603416
10.7710008621
15.8969490528
18.4865210056
12.46397686
13.938544035
15.7785298824
13.9859302044
13.6738541126
13.1135449409
6.54827404022
7.45565009117
19.7263641357
18.1963799
21.8084020615
13.128579855
13.6127460003
10.7553200722
13.4098579884
12.552136898
8.31276488304
12.4519939423
15.6132249832
16.7788279057
17.4660758972
13.0987079144
13.6180889606
10.9716119766
13.202507019
12.5426468849
6.531001091
7.35605382919
13.7009141445
16.4444460869
19.8326089382
16.8153600693
15.6051619053
15.3150761127
13.0399231911
12.6607291698
6.00782585144
12.4996879101
18.0795869827
16.9039809704
12.0786640644
16.2153279781
14.5575759411
14.9206171036
11.8827869892
11.5584380627
5.82555508614
12.4994368553
14.1815478802
18.3846991062
12.4013850689
18.6653161049
15.394785881
10.8615329266
15.502368927
10.9916570187
6.54058599472
12.6355359554
14.1447441578
18.6546800137
12.1917748451
18.6149048805
15.7245419025
10.4492151737
13.3208818436
13.3900170326
8.83903694153
15.7170100212
16.5170218945
12.3613080978
12.2365088463
15.4642438889
15.2933261395
11.9455728531
15.6192798615
11.8297331333
7.02377104759
10.4496409893
19.5482618809
18.2586119175
14.7307910919
19.8342180252
13.0275230408
14.91979599
14.0439479351
11.1607990265
8.5945391655
13.9263718128
18.2321109772
12.4738719463
12.2364377975
16.4332969189
15.5114591122
13.7275161743
14.3769440651
11.1539309025
9.31382989883
19.3301489353
11.0133340359
19.3295910358
11.5603909492
11.5669519901
15.4754641056
15.4507520199
12.0918698311
10.7169239521
8.16573286057
11.8578939438
16.3349359035
17.1218869686
11.6993551254
21.8983669281
11.9544708729
15.6186079979
12.2553050518
11.1673338413
6.522783041
12.6079950333
17.4839580059
15.1548910141
12.3774080276
19.7806589603
14.542181015
16.7345631123
12.4024219513
11.2728331089
9.24007606506
13.7075960636
16.9276518822
19.4210188389
16.786190033
15.8308899403
13.6004920006
11.044271946
12.3285338879
9.82384085655
10.4223251343
19.4414470196
10.6076519489
19.7059180737
15.5420179367
14.0387220383
15.1718790531
11.3768658638
12.0407030582
11.7281019688
13.0533690453
15.0450999737
16.3214058876
14.7434089184
14.6856429577
15.0783150196
12.5315761566
12.7172510624
11.904900074
10.9739360809
14.425688982
13.8719639778
16.3908941746
14.4795908928
16.5003538132
15.8296978474
13.5984258652
11.3685019016
11.9090750217
11.6375131607
7.94938611984
10.1307780743
23.6693291664
18.4352009296
17.0458550453
15.6397180557
13.9650890827
13.6304240227
11.3768000603
9.82166600227
10.5002999306
19.2076611519
16.7218339443
16.5998740196
18.6570641994
15.3967790604
10.754650116
13.154501915
12.0803370476
9.03828287125
8.64155602455
13.738899231
18.7650249004
19.5206940174
16.8528139591
18.0522930622
11.4358890057
15.2821209431
11.5353939533
8.81720995903
8.09049487114
13.9779880047
18.3878829479
19.9433999062
16.8643701077
17.9957721233
12.6030688286
13.1527810097
12.3068981171
9.0961561203
14.7413461208
15.8259570599
18.6406359673
12.3143088818
14.6881871223
15.1001348495
13.9802670479
13.4699201584
11.5385391712
10.6044671535
14.5216460228
15.8509218693
16.5838649273
14.4659249783
18.6600618362
14.2068088055
12.1618959904
13.1065468788
12.4219441414
9.26935195923
8.30758404732
14.0267531872
18.7239358425
19.9241571426
14.2384009361
18.0402159691
13.6606268883
13.5906369686
13.398485899
9.18707513809
14.4320499897
16.1218159199
18.4899458885
12.3906421661
14.6853449345
17.5264298916
11.4351961613
13.7536399364
13.158520937
9.27247619629
12.3291769028
15.9382190704
18.5787808895
12.4615931511
17.7926189899
16.2060379982
10.8540649414
13.191177845
12.438904047
9.2760720253
14.670224905
15.8028111458
16.2493441105
14.7951178551
17.7944669724
16.5371179581
10.642510891
13.1008980274
12.5089249611
9.19306898117
8.77022504807
15.7729349136
17.5290269852
18.6976001263
15.3986179829
14.0403158665
12.6359398365
19.6023879051
11.624723196
9.29525899887
15.9503629208
16.5847799778
14.5382289886
18.6039640903
14.204816103
12.1624121666
13.0613789558
12.4709641933
9.28413414955
14.5598468781
15.9573361874
18.5598051548
12.4003679752
19.8304591179
14.5434060097
10.4266090393
13.1448709965
12.6015031338
9.38370800018
9.23225498199
19.5853469372
16.4248731136
16.6709740162
18.6005451679
15.3967928886
10.8590629101
13.2319059372
12.6100330353
9.16871118546
12.4075529575
15.7274858952
18.9859127998
12.2075951099
19.5926890373
14.2134230137
10.7753109932
13.3916230202
12.4107890129
9.30537796021
8.85357499123
13.9645271301
18.3450241089
20.0220029354
14.7323191166
17.8347427845
14.8927030563
13.2349450588
12.5209507942
9.30589199066
12.4185659885
15.6231598854
18.7429161072
12.3048219681
18.6585187912
15.7286229134
10.5253300667
13.3000581264
12.3294711113
9.39165902138
8.62387609482
15.743915081
16.4951639175
19.9068760872
16.7386760712
15.8792448044
14.944152832
13.2348771095
13.3268978596
8.93604183197
9.02205610275
13.7727050781
18.9257459641
19.4854769707
15.2289028168
19.5625770092
13.4610059261
14.035389185
11.5167899132
9.27179884911
12.3513460159
15.8079321384
19.3621070385
18.982448101
13.0891830921
13.9531238079
10.5316700935
15.5007808208
10.9910750389
9.07841014862
8.80852603912
15.7484409809
17.0016429424
19.3447229862
15.3079931736
17.3349218369
13.7376611233
15.2067859173
12.545290947
9.03711295128
6.82798600197
19.4189620018
16.2434298992
16.8220119476
17.7936918736
15.0160679817
11.9686510563
15.5933310986
11.8310301304
8.82359099388
14.6459169388
15.721706152
16.3216660023
14.8035209179
19.775441885
14.2156980038
10.9700880051
15.3997001648
11.8386340141
8.82302093506
14.8489339352
15.6638300419
16.2379951477
19.0698201656
16.3423171043
13.7253201008
10.7793200016
13.0773131847
13.3184430599
9.53763389587
12.4690039158
15.7985048294
18.5702300072
12.3153431416
20.8417098522
14.8253629208
15.7111580372
12.1258180141
11.3012020588
6.70218300819
12.4212319851
15.8786551952
18.8294889927
19.4603910446
13.115249157
15.2999589443
15.3676218987
12.5443880558
11.1735720634
6.74940514565
14.8362121582
15.6851739883
18.8310449123
12.1268680096
19.8242020607
15.8881700039
15.4455471039
12.3562159538
11.3316020966
6.70290899277
14.4877071381
13.8637411594
16.5376081467
18.6329810619
21.8046050072
15.0180058479
14.4741361141
9.96342921257
10.7133598328
7.8156170845
14.4462749958
16.1224710941
18.5734820366
12.3741400242
20.7873308659
14.9251060486
15.4196288586
10.8866381645
11.2645878792
8.46368193626
14.8088450432
15.5839381218
18.660640955
19.7243549824
13.1389360428
15.2821509838
15.6567161083
11.8790421486
10.6192829609
7.92984819412
12.3545379639
15.7276859283
18.7447068691
19.6377129555
13.1565048695
15.3347129822
15.3214039803
12.137570858
10.8919098377
7.65015292168
10.7315809727
19.7498419285
16.256469965
16.6062319279
20.8407020569
13.0234310627
13.9222288132
14.0135879517
11.9952600002
8.01767706871
14.6352090836
15.9495820999
18.9198949337
12.1920239925
20.6177330017
14.9073741436
15.4303028584
12.076818943
10.4182698727
8.12553811073
14.5719280243
16.0238389969
18.9260830879
19.3196520805
13.1288712025
13.5917859077
17.0619318485
10.94571805
11.4410459995
8.31551003456
5.13197398186
12.535307169
23.6306869984
18.5609560013
16.9693658352
15.582597971
15.280777216
15.349722147
11.8409130573
9.56289386749
9.31197881699
19.3600070477
18.598058939
14.6339671612
20.7893419266
14.9144029617
15.3342521191
15.839815855
11.6175611019
4.53503799438
14.6006610394
15.9291470051
18.6651129723
12.305932045
20.8405239582
14.9257199764
15.4096519947
12.3350520134
11.3012700081
8.2975730896
14.8012478352
15.7555599213
18.7576479912
12.1216878891
19.8258090019
15.8845350742
15.4647121429
12.3194799423
11.5984368324
8.01481103897
14.5461421013
15.8595709801
18.65949893
19.7238080502
16.5035579205
14.6433961391
14.8528680801
10.8550240993
11.55666399
7.50033688545
