1.84055805206
3.47986793518
3.97347402573
4.18073892593
5.13158988953
4.33765411377
5.72226595879
5.19985699654
9.01249814034
6.26362204552
2.43514800072
5.63927912712
4.06499099731
5.04321289062
4.84088921547
3.55804991722
6.39097189903
4.53625392914
7.15451598167
4.33445119858
2.28627800941
3.7585811615
4.28551697731
5.46815705299
7.23201584816
2.31465196609
7.00732898712
5.84891009331
4.39838314056
6.60329914093
4.87090611458
4.19574213028
5.15700292587
7.54387903214
2.31376385689
7.0136859417
4.15750789642
3.71351194382
4.40502285957
4.81103086472
3.65520215034
5.55183696747
5.48778510094
7.54407405853
2.31583285332
6.65201997757
4.51309108734
3.72447013855
4.60823988914
4.61437296867
3.86648392677
4.11042404175
4.1386950016
4.95062708855
4.50981211662
3.83661603928
3.55334806442
4.68931913376
7.53319001198
7.34067392349
2.25403308868
5.65447807312
4.16801190376
4.92724204063
4.53121995926
5.71513700485
4.41093492508
4.63194298744
5.13182401657
7.15873098373
3.63290095329
3.96534204483
4.08371090889
5.06276512146
4.8119199276
3.56555294991
3.55195593834
4.69802093506
7.47722291946
7.47145199776
3.61709594727
5.56646609306
5.54215312004
7.44861602783
4.38648295403
4.35031795502
4.74813103676
3.73543095589
4.67723894119
4.70071792603
5.19982481003
4.62388515472
5.00165390968
4.95271992683
3.48285293579
6.15048193932
4.39913797379
3.64005303383
4.68062615395
4.79911398888
3.87368512154
4.04630613327
4.18283820152
5.12781214714
4.33063793182
3.83442378044
6.60626888275
6.767608881
6.84839200974
3.32375097275
2.75809502602
5.41305685043
4.18026995659
4.91066598892
4.55632400513
3.835490942
6.61540102959
6.76803898811
7.05532503128
3.12062311172
3.47858500481
3.9862549305
4.16825509071
4.90595793724
4.55484700203
3.83333802223
6.33000087738
4.57359099388
7.17146015167
5.51378703117
3.87562012672
4.08228516579
4.04309201241
5.26971912384
4.33107590675
3.83281898499
6.60873293877
6.39225196838
5.39189386368
5.30669808388
3.87875986099
4.30193018913
3.81710410118
5.08974003792
4.78775310516
3.56818914413
6.60139989853
6.40085792542
5.29036998749
5.47214007378
2.58244419098
5.63215613365
4.16570305824
4.93204188347
4.5322701931
3.83342003822
6.33567690849
6.67213916779
5.32326507568
5.44203090668
2.84585094452
5.64459109306
4.15777993202
4.95313405991
4.51007890701
3.83989310265
6.23646092415
6.78498005867
5.38570904732
5.37643909454
3.39989519119
4.0145368576
4.13253903389
4.90476608276
4.55774211884
3.83060407639
6.85770010948
6.50937199593
4.91615390778
5.47880482674
3.85029602051
4.06898212433
4.18388605118
4.90612912178
4.55434894562
3.83554816246
6.33198404312
6.67407393456
5.42727708817
5.34443807602
3.86858892441
4.08396697044
4.05904006958
5.04970002174
4.83581399918
3.56633615494
6.85841321945
6.13480997086
5.43056702614
5.43871712685
2.79250311852
5.44917702675
4.1329138279
5.13440895081
4.33213400841
5.71482205391
4.5540561676
6.58452701569
5.11231017113
5.75483012199
3.95478701591
4.00961279869
4.16220712662
4.95211601257
4.78841495514
3.57120203972
6.60806393623
6.39578413963
5.42665696144
5.44104981422
3.84625816345
4.32032704353
3.92830204964
5.12611198425
4.33611607552
3.83051395416
6.59779906273
6.40504193306
5.38550686836
5.47751784325
3.16862106323
5.69335508347
4.19208717346
4.93645596504
4.5321829319
3.83840298653
6.29602003098
6.72561216354
5.28094792366
5.58031082153
3.88812494278
4.03157019615
4.12679386139
4.92737984657
4.53392004967
3.83115696907
6.60761785507
6.39210319519
5.18605995178
5.72872209549
4.05489587784
5.52351403236
5.51154303551
7.54368805885
4.38398599625
4.43572902679
4.66553902626
5.72223711014
5.19314002991
3.95759797096
2.98129701614
4.47251105309
5.1553041935
7.5502820015
2.89318990707
5.94677996635
4.54047608376
5.83727478981
4.72224211693
4.44134092331
4.9139020443
4.19327402115
5.15845608711
7.55071115494
4.57424497604
4.16272497177
4.74336099625
5.72301101685
4.72252392769
4.44666910172
3.40938282013
4.22035503387
3.91754388809
4.94794917107
4.51299309731
3.83122396469
6.59672498703
9.47319507599
6.28299307823
3.1804599762
3.23120689392
5.88656401634
3.93471980095
4.95476484299
4.51144790649
5.71991801262
6.82525110245
7.09793305397
7.14312911034
2.69064307213
2.60128211975
5.62052893639
4.08830809593
5.26198077202
4.60103797913
3.57896494865
6.86467599869
9.21314620972
5.9990029335
3.66179704666
2.62828397751
5.87664985657
3.92708587646
4.91620397568
4.5549890995
3.83706212044
6.61150383949
9.47084307671
6.04595589638
3.60738801956
3.93998003006
4.14419293404
7.37822794914
4.32670593262
3.83542299271
6.33266496658
4.5715098381
5.13189911842
5.9840528965
3.73782992363
3.38742995262
4.60272502899
4.69124889374
5.04619789124
3.8099360466
5.67476010323
4.58103585243
7.46845579147
5.91572785378
4.12142300606
4.0552520752
5.36678814888
5.47177314758
7.54556512833
4.57488083839
4.16724991798
6.43145489693
4.40329289436
6.93771386147
2.58147978783
6.37495207787
4.57331991196
7.64424514771
4.35015797615
2.74053287506
7.17507004738
5.96589803696
4.315928936
4.73911499977
2.68316793442
6.37448906898
4.5528421402
5.02161884308
6.23697900772
3.73272299767
7.95193910599
4.80732297897
4.58539199829
4.75730609894
2.54115509987
7.23303985596
5.78146886826
7.22551488876
2.33737111092
4.79929018021
3.85190916061
6.18814086914
4.72689914703
4.50625610352
2.68855500221
5.11484599113
4.65573692322
7.64822506905
4.61223912239
5.34594607353
3.79949498177
6.45055699348
4.20947003365
4.84042096138
2.69176220894
3.20861792564
4.28131389618
5.16032409668
7.5506029129
2.31212687492
6.64238500595
7.99435710907
4.95494103432
4.65524506569
2.54195189476
4.47076797485
5.54478693008
5.49939084053
7.5417740345
4.38265109062
8.04085898399
4.71567797661
4.77320718765
4.65695095062
2.55404090881
3.73578190804
5.37069392204
5.45145606995
7.54762196541
4.38113307953
4.35474014282
8.21154904366
4.64615511894
4.97589302063
2.57399487495
3.60356998444
5.52999281883
5.59391498566
7.45176911354
2.31298804283
7.00508499146
7.62695002556
4.86191487312
4.61257481575
2.72292685509
4.45566511154
5.54382991791
5.80210804939
7.22953510284
4.57422399521
6.49574494362
6.1109919548
4.43304610252
5.00824999809
2.53331613541
5.05156302452
4.65665984154
7.6484310627
4.61989593506
5.34590387344
3.79235887527
4.21692609787
4.44591999054
6.76376700401
2.8788869381
5.10412597656
4.6105670929
7.66987991333
4.6106979847
5.35553312302
3.79330897331
4.29178881645
4.37366890907
6.57922506332
3.07351016998
3.49973583221
3.17157506943
5.11296892166
6.7986240387
5.61851716042
6.78712821007
7.95394897461
6.0162551403
4.3718111515
3.30632400513
4.64599514008
3.79420399666
4.70995116234
6.88990283012
5.36921620369
6.53526306152
8.56398701668
3.88423204422
4.44209885597
3.22693896294
3.41245794296
4.88332605362
6.34322881699
5.80691719055
4.69674301147
6.23742413521
6.41358995438
5.88757300377
4.57077908516
3.22985196114
3.3631799221
4.51032590866
4.69440197945
6.89350914955
3.30755400658
6.60317397118
8.15747904778
4.75895881653
5.82657790184
3.38372707367
3.4246070385
5.50598311424
4.68384814262
6.99037718773
5.33051204681
6.64269804955
8.44394207001
3.88103103638
4.37231111526
3.31077408791
4.44015407562
6.42621088028
4.12308597565
5.02636790276
5.33818793297
6.39000797272
6.42168593407
6.01550388336
4.44277095795
3.23572611809
3.83138489723
4.70131802559
4.65901207924
6.93820786476
3.307502985
6.60482811928
5.84926509857
7.41931509972
5.46168589592
3.39010500908
3.48255300522
3.3875169754
4.89542794228
6.5972700119
5.74699997902
6.40619397163
8.08937501907
4.82817602158
5.8221848011
3.39276695251
3.39724993706
5.26210689545
3.98706007004
5.09110689163
3.8103260994
4.22334289551
6.45773792267
7.28759884834
7.1499478817
4.05843997002
3.94542193413
4.83032894135
6.48742794991
4.81375193596
5.44320392609
4.40132403374
6.73723101616
5.11019206047
5.59274601936
3.48512506485
6.27402997017
3.92344498634
5.12581205368
4.32720994949
3.83470702171
6.33136820793
6.67609405518
5.56080198288
5.12870788574
3.75243902206
3.84092187881
4.3425450325
7.18147706985
4.59115099907
5.46565413475
6.8193089962
7.046022892
5.13631796837
2.69630885124
3.90322303772
3.77534103394
5.56934690475
5.78431987762
7.22693896294
4.59789609909
6.49542403221
7.06833696365
5.81771397591
4.67450213432
2.19124293327
7.24062013626
5.47030210495
7.55037689209
2.31230902672
4.81071400642
4.8445789814
5.15381789207
6.84309577942
4.40860390663
2.44677591324
5.27366399765
4.18971085548
5.24839901924
7.45324802399
4.38043403625
7.0267970562
5.76863718033
6.79655504227
4.40839600563
2.45034003258
3.61400198936
5.52058410645
5.82422399521
7.23580312729
4.57635402679
7.84717512131
5.32379603386
5.92868208885
4.71654582024
2.45418787003
4.72295594215
4.19240617752
5.24793887138
7.4547150135
4.5766248703
6.4911031723
6.307502985
6.96364116669
4.2939991951
2.20961880684
3.29856514931
4.2868270874
5.47115683556
7.22837591171
4.3806989193
7.0217871666
6.7247159481
5.77690696716
4.47517204285
2.46068787575
5.07299113274
4.66121006012
7.58628487587
4.67327904701
7.55352115631
5.96654510498
4.06284809113
4.58203601837
4.4486310482
2.46793699265
3.53060007095
5.5748500824
5.4587931633
7.53499388695
4.40900087357
8.03304791451
4.80825304985
6.74732613564
4.40653896332
2.47657418251
3.47503995895
5.57594799995
5.4582631588
7.54107618332
4.37954592705
8.0354950428
4.78579998016
6.77021384239
4.66365098953
2.23148417473
3.54411101341
5.56099700928
5.78273892403
7.22967886925
4.38175106049
4.43152093887
8.13501214981
7.01744794846
4.4153418541
2.48495411873
6.37425589561
4.57055020332
7.58964705467
4.68078589439
5.34575605392
3.79881191254
7.21134400368
5.77252101898
4.47598099709
2.48505806923
3.82267618179
4.67616605759
4.73026108742
7.84873318672
4.69615983963
6.23786497116
8.95176792145
5.6345539093
3.84911990166
3.07385492325
1.91271495819
4.39692783356
4.96628808975
6.59661507607
5.82964301109
6.31786799431
8.08890104294
7.03350806236
5.02327418327
3.34788703918
4.59932589531
6.4289598465
4.11611509323
7.3341319561
7.4146900177
5.86690092087
6.56293797493
4.2301671505
3.74233484268
3.11933112144
4.5231192112
5.0250518322
4.08221793175
4.80522918701
5.52040505409
6.5
8.75804495811
5.71593403816
3.79521393776
3.15707206726
3.41231393814
4.51458907127
4.64297103882
4.90452194214
5.54005694389
6.86728906631
7.95410108566
6.38906216621
5.34893798828
3.38472390175
4.5641450882
5.07954406738
6.78130793571
4.38967895508
7.53329086304
8.10699510574
4.36537408829
4.08422994614
3.90059185028
3.11830401421
4.3613140583
6.43325376511
4.15685105324
4.80547213554
5.37004709244
6.53259420395
8.9564499855
5.63515591621
3.80044794083
3.17153286934
3.38336610794
4.89059901237
4.30035996437
6.94120502472
5.46865797043
6.38923716545
8.56368303299
6.02773284912
3.79884505272
3.17817997932
2.79726791382
4.08180403709
4.64954710007
7.90849900246
6.49993491173
8.16585898399
5.06249690056
5.79389286041
3.79988098145
3.23236107826
4.52752995491
5.08872413635
6.59341406822
4.59662389755
5.21589994431
8.09745693207
5.02614188194
5.79228806496
3.83800196648
3.24920392036
3.17557907104
4.51496696472
4.64167404175
7.90558886528
4.69265890121
6.23929905891
8.87729692459
5.71680688858
3.85206103325
3.24302196503
6.24776601791
3.81536698341
5.07256388664
4.53081488609
3.83353304863
6.59903383255
9.47306394577
5.80938410759
3.86745882034
2.68237185478
7.27900099754
5.553565979
7.44638895988
4.40717101097
7.02349090576
5.96958494186
4.2594909668
4.78999209404
2.69795107841
2.83874416351
6.71152186394
4.42422914505
7.60999321938
4.67491984367
7.18973994255
6.21574902534
4.40134191513
6.93558311462
2.59598588943
3.05981302261
4.50459694862
5.09995293617
6.7967479229
5.53858399391
6.40652799606
7.79176092148
4.8297328949
6.03825902939
3.45465707779
2.25244188309
5.96650505066
4.97490715981
6.43522000313
5.82717180252
6.32182598114
8.13518691063
4.77964782715
5.82703995705
3.39515995979
2.2586889267
4.49143099785
5.07210016251
6.64513516426
5.74466490746
6.40611195564
7.7996840477
4.65639805794
6.2174680233
3.47642302513
2.25076580048
4.52606010437
5.04594111443
6.6467769146
5.74567699432
6.6560549736
7.83449101448
4.53735804558
6.08420419693
3.40427088737
2.26494693756
4.52981209755
5.07296085358
6.79692006111
5.61656594276
6.32402515411
8.13519001007
4.31975102425
6.21537995338
3.45375490189
2.27095293999
5.96549606323
4.9779920578
6.63717889786
5.53817915916
6.65486097336
7.54543495178
5.11695694923
5.92143201828
3.28259205818
2.287555933
4.57397890091
5.07441401482
6.59395503998
4.59911489487
5.77607011795
7.53595900536
7.50839400291
5.46318507195
3.38602781296
2.29186296463
4.48045897484
5.07355713844
6.59366583824
4.59453201294
7.53301811218
7.81044602394
4.82860302925
6.03964090347
3.45860600471
2.29442310333
4.50495004654
5.10082411766
6.5950961113
4.59631085396
5.21649098396
8.05598402023
6.69673514366
6.54910802841
3.16396999359
2.46839785576
4.52991294861
5.03931188583
4.03444099426
7.33847689629
5.09407520294
8.21545600891
6.7768330574
6.06274819374
3.41131997108
2.47491908073
6.25012612343
3.91926002502
4.92687892914
4.5346930027
5.71209311485
5.197026968
8.95336604118
6.91235613823
4.29168987274
2.60102796555
4.55744123459
5.07635784149
6.59383392334
5.82404208183
6.57267808914
7.90213012695
6.97455000877
5.07975006104
3.34784507751
1.53039813042
4.72114801407
4.81000900269
4.34738898277
7.51550412178
5.39427804947
6.24374198914
7.71440505981
6.94492602348
4.2199909687
2.71878004074
4.55153989792
5.10072493553
6.59398293495
5.82939887047
6.72814798355
7.99532699585
6.69354701042
5.0213201046
3.38626694679
1.58002495766
4.49542498589
5.12441396713
6.58043313026
5.83052396774
8.55043911934
8.32633304596
6.02155709267
3.80881690979
3.15262913704
1.57757997513
4.25536990166
6.54129600525
4.15717506409
7.29118800163
7.41545295715
8.15187001228
6.98832702637
5.05814099312
3.42114400864
1.50592899323
4.54747390747
5.07455706596
6.59602689743
5.82294392586
8.55487298965
8.71306705475
5.63642501831
3.8478448391
3.06448101997
1.63895988464
2.27258992195
5.06547307968
4.97043681145
7.75230908394
5.3569560051
10.2558009624
4.08790111542
9.11388802528
5.73874807358
2.13410282135
4.13920807838
4.34941101074
3.89574408531
9.43106293678
6.23263907433
9.3267018795
6.67894220352
7.86747908592
3.17956495285
1.78461909294
2.34704399109
6.3423910141
7.03433585167
6.70330309868
5.81619715691
9.21760892868
4.99850010872
8.04260110855
3.2318251133
3.39355611801
2.87697696686
4.35753011703
6.0379960537
6.57944488525
5.53781700134
10.253608942
7.68125319481
8.09175801277
4.72640514374
2.80941796303
2.68548607826
4.41655707359
6.01478505135
8.75571107864
5.29525303841
8.83541297913
7.14369106293
8.0071439743
4.8080201149
2.82728099823
2.72628092766
4.58152794838
5.79435396194
9.07896709442
6.64087200165
6.60953211784
7.70549106598
8.07797288895
4.71368908882
2.92281508446
4.06841111183
6.83509206772
4.65750980377
5.63197994232
6.70052886009
9.29593610764
5.04226708412
8.07350206375
4.92163300514
2.84882593155
6.5777258873
3.86918783188
8.67329311371
3.44844102859
6.99690294266
6.03753995895
6.55458688736
7.82555913925
3.84780287743
2.78247284889
2.31151986122
4.2789850235
5.839012146
9.06104207039
6.69930100441
9.98292279243
6.04775500298
8.0245051384
3.60227704048
2.84364795685
4.03877186775
6.83995008469
8.03780007362
5.35623002052
7.10993409157
7.4471051693
8.98466610909
4.25493907928
3.57063007355
2.83709597588
4.18243598938
5.05823802948
7.57056093216
4.67747712135
7.94078397751
6.06021714211
6.55101418495
7.82284903526
3.80100512505
2.86422109604
5.62631011009
4.9859559536
7.81707000732
5.53478193283
10.1333758831
7.48277282715
6.2566280365
5.24844098091
3.20257687569
1.8011598587
2.33104801178
6.57423090935
6.80160593987
7.83535504341
8.41334104538
7.16501092911
8.88272809982
5.94284701347
3.28696703911
1.93098187447
5.64735984802
6.00091695786
6.55612897873
5.53634977341
7.10905218124
7.46174693108
9.01498198509
5.80925297737
3.28302192688
1.94364905357
3.95480394363
6.53685307503
7.7642800808
5.53646802902
7.10744285583
7.45509910583
9.34940290451
5.52628707886
3.22651696205
1.94043207169
6.60690116882
6.97119998932
7.17397403717
5.6305770874
9.0602478981
6.66176795959
6.37317299843
4.70513796806
2.88465619087
1.05209302902
4.52258706093
5.7973511219
8.77406597137
5.2668390274
8.34011507034
7.63983392715
8.10144400597
4.68768501282
2.85877394676
1.118475914
5.64383196831
5.96013498306
8.9901239872
4.93432617188
8.46871113777
7.58375477791
8.16004300117
4.74430298805
2.87418913841
1.43313884735
8.31435203552
6.72622489929
7.54097414017
8.09180784225
7.4774081707
9.36570501328
5.43935394287
3.20789790154
1.81966495514
0.707221031189
6.67733311653
7.18512392044
5.49085307121
6.77624082565
9.96565198898
6.08195114136
8.07280111313
3.60344409943
2.81145191193
0.863498926163
6.5200741291
6.98825097084
5.80571603775
6.72682094574
9.3578748703
6.66199588776
8.07157611847
3.51479005814
2.88396596909
0.892949104309
6.53047204018
7.28795814514
7.56953716278
8.04544520378
7.54036903381
8.87797498703
4.10412502289
3.79623699188
2.84546709061
0.895431995392
4.40714812279
5.863478899
9.0348238945
6.63684797287
10.0462100506
6.05893087387
8.02384400368
3.60546398163
2.84366106987
0.896657943726
6.61932992935
6.96796679497
5.77402305603
6.75514006615
9.34748697281
6.70481491089
8.06502795219
3.52169394493
2.88590598106
0.899425983429
6.58608579636
3.8696269989
8.89069104195
6.7918651104
9.37251591682
6.68274998665
8.0652680397
3.61042809486
2.79914903641
0.89234495163
5.70669293404
4.98641300201
7.56977009773
5.54023885727
10.4494831562
7.47171902657
8.06572985649
4.94630408287
2.89155197144
1.26469302177
6.58886098862
7.24514698982
5.48940682411
6.69560813904
9.40658903122
6.71489500999
8.06495213509
3.56444215775
2.84889817238
0.904911994934
8.1212618351
6.88525485992
7.57044792175
8.03718900681
7.53606581688
9.02629995346
5.85957503319
3.23347902298
1.94657301903
1.30244112015
4.44684696198
3.78037500381
4.98509407043
40.0964100361
1.60875296593
0.927511930466
1.65365815163
1.10784101486
0.817854881287
1.04896688461
3.18803811073
5.52083396912
4.99513578415
40.0708558559
1.58161902428
0.977123975754
1.56439304352
1.22881603241
1.43508696556
0.720895051956
2.52989983559
4.27270293236
4.9663939476
40.0729279518
1.61606907845
2.30530691147
1.29747200012
1.56145691872
0.720791101456
0.354838848114
