5.67574501038
6.95577001572
9.47575092316
7.26204013824
4.65149688721
6.44997906685
4.90169405937
3.36984801292
4.37477707863
4.40214300156
5.81272792816
5.01910400391
6.17318511009
10.9935810566
8.38700008392
6.33416604996
6.48997092247
4.58719491959
4.43642187119
3.24310803413
5.96939301491
4.98029994965
6.22404813766
11.2029249668
8.15994906425
7.8117210865
5.01514315605
4.58777785301
4.44413805008
4.72346377373
5.60896587372
6.51185488701
7.74777698517
8.37462615967
5.12139606476
6.90424609184
5.02467012405
4.58068108559
4.36077904701
4.8071949482
5.63878393173
5.59245610237
8.69568300247
8.35359811783
5.69549798965
9.05501484871
3.92049884796
3.04409813881
4.28780913353
5.14603996277
7.43625998497
12.0450367928
6.89884090424
6.85633301735
6.58907914162
2.98280191422
4.34760689735
3.31788516045
4.15622186661
4.68319296837
6.37533402443
10.4750390053
7.32844591141
5.70059704781
8.01128101349
3.92158794403
2.96730494499
4.95325803757
6.85904788971
5.64122486115
5.58248901367
8.69608402252
8.35687804222
5.69725513458
9.08095383644
3.90083694458
3.03637290001
4.63067913055
7.13712692261
5.9684510231
4.98267412186
6.21115899086
10.990445137
8.37928819656
6.04526305199
6.79773688316
4.58630490303
4.9579668045
6.87425303459
5.83976197243
7.6064209938
8.59086704254
9.20659399033
4.65824699402
9.04599189758
5.69094014168
3.95197296143
3.77395105362
5.32434821129
5.15450000763
7.02641701698
8.30783414841
10.0544800758
5.07096004486
7.13195896149
6.44155406952
2.95043897629
4.94393515587
6.89551687241
5.0710709095
9.45553708076
7.59551906586
9.4399471283
8.06098794937
5.65940403938
3.93725800514
2.94921088219
4.6914100647
7.17358517647
5.64235806465
7.12306904793
8.31185698509
10.056994915
6.69553089142
8.03143215179
6.25724601746
3.25098490715
3.90744900703
7.30809187889
5.29044103622
5.73611903191
6.89390087128
9.22206997871
8.8750629425
13.4561109543
4.16795086861
3.97053718567
3.9048500061
7.1991121769
8.61597204208
7.20342111588
10.3625910282
6.71929502487
7.21025419235
6.46588397026
2.91649723053
4.69996118546
4.46693301201
5.08947205544
5.65779304504
6.92811608315
8.70845413208
10.5888311863
8.31840801239
7.947067976
4.5755341053
4.7127161026
4.80309891701
4.96576189995
6.93400907516
7.39898991585
8.66778206825
9.42029595375
15.1124019623
4.2730910778
3.97378396988
3.77120900154
5.60960483551
3.64823389053
7.21524596214
8.14470386505
8.58542394638
6.11042380333
7.49422287941
6.67890000343
3.01183199883
4.88287711143
7.1738140583
3.65300011635
8.45449304581
8.01169109344
10.3836901188
6.75435900688
6.94258117676
5.03041291237
4.65764403343
4.36760687828
5.07221698761
6.28563022614
7.12611317635
7.59250307083
11.8862490654
6.72000193596
7.01917099953
4.98924684525
4.59858298302
4.94350504875
6.89536595345
3.92334008217
7.12502813339
7.90179681778
11.5823600292
6.72133207321
7.03793692589
4.96766591072
4.65637016296
4.63729500771
4.46776390076
6.63547611237
7.04573607445
8.22714304924
8.80295610428
6.40577888489
6.93863415718
6.63742303848
2.93930506706
4.35789895058
4.80359101295
6.6423459053
4.33657121658
7.43211889267
9.47693800926
8.62957000732
13.7080039978
4.91646099091
3.44404792786
3.68721103668
5.31937980652
4.06140494347
4.87363791466
5.65727210045
8.90802192688
8.13560199738
9.13254714012
7.93378186226
4.67075109482
4.29445195198
5.14775800705
6.40543603897
7.15894389153
7.43954205513
15.6070780754
8.66864895821
6.48519301414
3.38332295418
4.31982302666
4.54682016373
4.21478796005
4.05723714828
1.91362404823
5.49166107178
5.17868900299
8.02586388588
11.4737820625
7.50768613815
8.30925893784
7.09186792374
8.87455892563
8.20715284348
4.8867380619
5.65690207481
10.7876589298
8.69119715691
13.7407391071
4.266685009
3.98057794571
3.7940890789
5.58967900276
4.9754049778
9.47555804253
8.59265494347
10.4128599167
6.13614392281
8.0062379837
6.28523516655
3.33077692986
3.83096599579
5.29980802536
5.26253604889
5.97169995308
5.58509302139
8.90276002884
8.07567501068
16.2392878532
4.26563191414
4.32861495018
3.55526399612
5.18795704842
5.2672791481
7.03151488304
7.8938138485
15.145236969
4.86589312553
8.0091791153
5.67578411102
3.95534706116
3.90196108818
5.48229193687
5.02036190033
4.68463802338
6.37563896179
8.37835502625
8.35832214355
16.156154871
4.29632806778
4.29486203194
4.46353507042
4.29099297523
5.31393504143
7.0170249939
8.1685051918
9.79645586014
8.81756091118
13.8409969807
4.16076397896
4.38319587708
4.51740312576
4.45772099495
5.03065514565
8.3764591217
8.83071517944
8.0876660347
5.76388907433
6.58084988594
6.39427804947
2.96313595772
4.96095085144
7.16618299484
5.04747891426
7.14404606819
7.5945751667
15.4466040134
4.84884691238
8.02795505524
6.27170491219
3.3148598671
3.81952619553
5.60854101181
5.04659295082
7.29759502411
5.14836001396
8.05883693695
9.90886592865
8.38294196129
8.94159388542
6.10486888885
4.63582777977
8.4341301918
6.39306998253
5.66348910332
6.51995992661
9.92203402519
8.63067102432
13.7372460365
4.891903162
3.30730509758
3.82181501389
7.27500605583
5.1734919548
5.73161411285
6.54148793221
9.56540894508
8.48344397545
13.8454389572
4.19710898399
3.94571399689
3.77316308022
7.32899093628
5.12012791634
11.8329238892
11.884401083
6.753262043
6.98431611061
6.6090490818
2.98070502281
4.41277503967
4.73050189018
6.65894794464
3.16925597191
6.97288799286
7.41154789925
10.7158241272
8.91211915016
13.6300871372
4.79104089737
3.24674010277
3.88113713264
7.33122706413
5.17433905602
7.15320515633
7.82699608803
11.6547279358
6.79705786705
6.95982718468
6.64622998238
2.90686011314
4.36531710625
5.97588014603
8.7217400074
7.51917910576
7.61767196655
10.8082289696
8.88935899734
6.54389500618
6.37357091904
3.86301207542
8.91349697113
6.77404403687
4.51837515831
6.33201217651
7.61780691147
10.5216891766
9.23976898193
6.4779009819
6.49823689461
7.15836381912
5.46145606041
6.67222309113
4.68869614601
13.3676810265
10.3320701122
6.89813804626
7.03633594513
6.40911602974
2.96673512459
4.7041759491
7.1730389595
5.29471302032
3.45659589767
9.97984099388
9.3465321064
8.41019296646
13.8155508041
4.88764691353
3.44001603127
3.68579602242
5.6031639576
4.98082900047
3.50778388977
13.3911910057
10.3321020603
6.79645085335
6.90859007835
6.64237880707
2.97302293777
4.42783999443
5.90550398827
5.4779458046
4.82110095024
6.53658890724
6.82048296928
9.75330877304
8.51469182968
10.1562619209
7.88704514503
7.25220799446
8.61234903336
5.05922007561
4.7349421978
5.7618689537
7.51376199722
9.41973900795
8.02539014816
9.33042001724
9.20547890663
7.20889687538
8.64745402336
6.3857178688
3.41447091103
6.04370212555
7.70592284203
7.5516808033
11.2169818878
8.46424198151
5.58926701546
3.93185997009
8.81789588928
7.01322698593
6.00406908989
4.87670302391
7.49727582932
10.4162859917
8.00309920311
8.71921014786
5.59263515472
7.32478618622
8.43195605278
6.55946683884
3.4521920681
16.503070116
9.01217389107
6.74561691284
8.02988004684
5.63980984688
3.97988510132
3.77100110054
7.26424002647
5.29068088531
2.54220914841
7.17033982277
7.82747602463
15.2156920433
14.2684211731
4.30001401901
3.94388508797
3.79970622063
7.25340890884
5.29371714592
2.54644203186
8.55675196648
8.01960396767
13.9237830639
14.2405600548
4.32698082924
4.35193896294
4.40406703949
6.24069881439
5.22683310509
2.93533611298
5.46956276894
7.58923697472
9.85480499268
11.4996020794
6.41677713394
8.12248420715
7.21357893944
8.46934700012
6.94227290154
3.40063595772
5.39883995056
8.3414208889
10.8729629517
8.60191702843
8.93403983116
6.09641814232
7.52316188812
7.36425685883
6.34766983986
2.60397291183
5.48113012314
7.78257107735
10.1048438549
11.4479231834
6.30358695984
8.12219619751
10.2661421299
7.40554094315
6.37289714813
2.57973194122
5.09753799438
7.40974998474
7.55357313156
11.1445469856
8.53637099266
10.9796500206
7.39524698257
6.63392591476
4.67950201035
2.58156585693
6.45786118507
8.04388403893
10.7991998196
8.78457188606
8.94619297981
7.13821291924
6.36799693108
7.43255996704
6.38758397102
2.62100410461
5.98558783531
7.76634788513
9.60768914223
9.36295199394
9.74377083778
7.01049304008
6.36866998672
7.53225803375
6.52660393715
2.3850851059
5.55517983437
7.1986489296
7.54803204536
11.2116589546
8.47003912926
8.51922988892
7.335698843
7.43242406845
6.41432595253
2.63178181648
7.88721299171
8.32155394554
10.7054851055
8.86204195023
8.93935894966
7.21410107613
8.79530906677
6.6271250248
4.66303396225
2.66656494141
6.43225479126
6.98812198639
7.58291912079
11.1758899689
8.47540283203
8.494161129
7.4763250351
9.10618185997
4.61276602745
2.6551618576
6.31954407692
7.97074198723
9.62309098244
10.5746979713
8.45102190971
7.17344403267
8.77644395828
6.79045820236
4.56643199921
2.63605093956
6.21269893646
8.36476397514
12.4410459995
9.87679100037
7.08454203606
5.91129612923
8.90218186378
6.74745488167
4.53997087479
2.67822813988
6.01742291451
6.98326706886
10.6441948414
9.31457686424
7.00279593468
8.79079318047
7.44613409042
7.42451906204
6.28989887238
2.68953180313
6.02527999878
8.32812714577
10.4435379505
8.84923386574
8.99412798882
7.06011199951
8.90430808067
6.74868798256
4.55878090858
2.66405892372
9.42784285545
7.50130105019
11.482763052
8.44441986084
8.98146295547
7.08016300201
5.72736001015
5.25454092026
4.78131985664
1.33786392212
7.67132019997
8.87323403358
11.805270195
9.40959215164
8.12187099457
7.25071406364
8.41449904442
6.96756696701
3.03897809982
1.37205004692
7.65377902985
8.87255907059
9.61855697632
8.15424609184
8.31847691536
7.05242395401
8.88648080826
6.66664791107
6.31878900528
1.37924599648
5.09538221359
7.50901508331
10.6317000389
9.2385840416
6.77702999115
8.98115992546
7.37591695786
7.46320796013
6.58702588081
2.79959607124
6.11578798294
7.77995800972
9.85935592651
11.5555019379
6.48671197891
14.29987216
6.48325490952
6.63527107239
6.31013703346
1.38903903961
5.55637311935
8.52252101898
12.4717140198
7.95806908607
7.86832880974
7.11553621292
8.81809210777
6.7919781208
6.19652700424
1.39365983009
7.67141914368
8.8744199276
11.111342907
9.0461769104
7.82223987579
5.14240908623
8.88644790649
7.01318097115
6.3473238945
1.02603197098
7.62842392921
9.52162098885
10.4642350674
9.04798007011
9.18148183823
7.21168804169
8.46946692467
6.56877994537
3.43535494804
1.36162304878
7.62638020515
8.87406206131
10.8132889271
9.35237216949
7.05805683136
5.94145202637
8.85496616364
8.27981996536
4.73696708679
1.61364197731
7.68690490723
8.87191200256
9.66657209396
8.23796105385
8.12648010254
7.16958904266
8.84433102608
6.74832201004
6.18817901611
1.64600896835
6.05237412453
7.80889797211
10.9134860039
9.6255569458
8.98840379715
7.08652901649
8.88047099113
8.20379710197
4.73789215088
1.65357208252
11.901072979
8.21642613411
11.2049810886
7.71178793907
9.99933505058
6.60252690315
7.47167897224
6.40200304985
2.56380414963
0.917097806931
13.4566600323
8.42158102989
8.84775900841
8.98653388023
7.17998790741
8.80404400826
6.63136792183
4.66113996506
2.60451292992
0.935739040375
6.43271589279
8.06094193459
10.7149507999
8.8549451828
8.98130607605
7.12952399254
8.83757615089
8.21047186852
5.10963988304
1.53320503235
10.2988250256
10.2396240234
8.0622780323
8.72000193596
8.48850512505
7.36506295204
7.53189682961
6.31322598457
2.59360694885
1.5614490509
10.4061851501
10.8188691139
8.59227514267
7.13569903374
9.73667192459
6.65910482407
9.15433001518
4.62495398521
2.5777349472
1.7818570137
13.6053259373
10.8163590431
9.35151696205
7.06558799744
6.0179271698
8.79783606529
6.96694493294
5.96044397354
1.41269898415
3.0265610218
13.5986719131
11.1133441925
9.02422809601
7.84861683846
5.16970300674
8.87216305733
8.30955600739
5.00647687912
0.996253967285
3.09299921989
42.5888719559
7.13430905342
8.88019418716
6.62280488014
4.71481204033
2.57168912888
0.909560918808
2.55518007278
2.33006000519
2.7263250351
6.09813499451
7.43759489059
8.22143411636
9.21851205826
10.7631120682
11.0557041168
8.56634092331
10.7370321751
9.09115481377
7.57243204117
6.64881110191
5.51946115494
7.63315916061
12.5195519924
10.4160139561
16.3527469635
8.91833806038
8.71022796631
8.74241304398
7.3489048481
6.74620819092
6.6927959919
9.35518813133
11.0974061489
8.56333494186
11.2093839645
13.33314991
8.76261305809
9.66792607307
7.35654616356
5.81653118134
5.43745994568
7.65047717094
10.9387571812
10.4391450882
12.2780079842
13.5473721027
9.68854498863
8.74102807045
7.44855904579
7.18588209152
7.32889199257
8.38436603546
9.4026889801
10.9877750874
10.8319480419
8.38883304596
15.330892086
8.60824298859
6.96759986877
6.81497097015
5.31509995461
8.83266711235
9.23350906372
9.03039908409
12.1814050674
9.3472969532
16.5341379642
8.49889707565
7.07532715797
6.07508397102
7.40714716911
8.13553905487
9.48140096664
10.781649828
16.5313341618
11.2505409718
9.31758999825
7.91738009453
6.02567696571
6.5677280426
7.41425299644
8.20068597794
11.8029201031
12.739207983
10.1969718933
11.2792439461
8.31811594963
8.74211883545
8.14580988884
6.71008706093
6.74863100052
9.35683894157
11.3535499573
13.4761428833
9.45289587975
9.84599399567
11.0237760544
7.85728502274
7.77914810181
5.59473204613
6.69481611252
7.54443287849
9.35338497162
8.79822921753
10.1090929508
12.0832128525
15.993170023
8.60742497444
7.66631507874
6.57433390617
6.69041991234
8.95476722717
11.514330864
8.56500196457
10.9480340481
8.64115905762
10.976913929
8.77164006233
12.1921138763
6.25521278381
5.69690489769
9.79520201683
12.8232688904
8.65904903412
10.4443380833
11.7115240097
9.60647106171
10.4502129555
8.69212198257
6.74017596245
6.69367814064
9.35648298264
11.5304260254
12.6090171337
12.4766328335
10.8977820873
9.31793284416
8.16109490395
7.38700914383
7.21886992455
8.89978003502
10.5733261108
8.58826994896
9.98308396339
10.3904900551
12.809666872
7.95519804955
8.66698813438
6.81796598434
6.58183479309
11.1961917877
10.5460569859
9.36781692505
11.7522211075
9.71515011787
10.7782840729
9.65346503258
8.55406308174
7.59929895401
5.45756983757
8.96338200569
10.4233410358
9.70634889603
10.8723990917
6.61101984978
13.5969009399
13.2212080956
8.06771683693
7.6000289917
7.1094789505
8.95654511452
10.5735259056
8.48172187805
10.081469059
10.0614438057
10.7766671181
9.70844507217
8.42923998833
8.46080899239
9.16864109039
7.86559391022
11.3360140324
10.139275074
11.115470171
8.57604980469
11.3918190002
11.2178740501
6.74506187439
5.1638469696
6.26372003555
5.58512592316
9.92675089836
9.45646595955
12.1874089241
12.752024889
10.9242329597
9.33555912971
9.78719902039
10.5152339935
4.55975699425
6.08232879639
9.56763100624
12.6617670059
11.5379629135
11.8842070103
10.4964540005
8.25988388062
9.26520895958
10.5936880112
6.11630487442
5.80226182938
9.81582999229
12.481910944
8.98081207275
10.4371578693
11.8221969604
9.46097588539
10.8214929104
10.9392678738
5.92339015007
6.28142786026
9.57124400139
12.5652940273
8.66268706322
12.8771181107
11.0333850384
9.73858189583
9.26250314713
10.5818958282
6.56944799423
8.17010807991
11.6428050995
10.4382510185
10.721681118
10.1456348896
10.65989995
9.04528594017
7.61976408958
8.52084708214
7.13602805138
8.9597029686
10.6543910503
10.4384679794
10.4529588223
10.3405590057
11.5710361004
11.2207939625
8.02956700325
5.65867590904
7.44019985199
8.87828207016
10.6575500965
11.9992878437
10.6565220356
8.74940299988
15.1476929188
8.5024189949
6.98041820526
5.6568801403
5.83695912361
11.2132949829
10.5220870972
9.38719296455
11.4020421505
10.0626680851
10.7778949738
10.5520031452
8.41952610016
9.71141314507
6.74933409691
6.69245696068
8.95421695709
11.5158250332
13.5947589874
11.9232308865
10.662238121
9.70222806931
8.50407004356
10.6817889214
4.91085100174
7.81237983704
11.8305990696
10.6012470722
12.0611670017
9.36149716377
16.5178711414
8.50004696846
7.07559895515
6.23634886742
7.43126106262
8.88656997681
8.57030701637
10.7109119892
12.0598099232
9.34082388878
12.778293848
11.2101750374
8.02643489838
6.33919501305
6.50740718842
9.35500407219
11.097976923
8.5467710495
11.130382061
13.2969517708
9.81537389755
8.7403948307
7.36109399796
6.33491802216
6.65524220467
7.51854991913
11.433836937
10.5631980896
12.0607168674
10.5956327915
11.5244219303
11.2128589153
8.12636995316
6.24502897263
5.07392406464
7.10884714127
9.61384701729
11.6045739651
11.0566620827
12.2122149467
15.8613388538
8.10659909248
8.91591000557
4.80544304848
6.69727110863
11.2555861473
10.6206591129
10.8196909428
12.0589189529
9.35921788216
14.6059939861
10.1478970051
7.35322999954
6.28636813164
7.06741905212
8.94900608063
11.9354100227
12.0033481121
16.3148670197
8.93536782265
8.6928088665
8.74312591553
8.90338921547
4.83954191208
7.13491606712
8.96066403389
10.6594510078
11.7930250168
11.1311101913
13.3327269554
9.69595098495
8.73858594894
7.45695495605
6.33481192589
5.24630689621
8.83174610138
11.0048749447
10.7254269123
10.8619201183
13.4267129898
9.68520092964
8.74029588699
7.44987607002
6.41452598572
6.64032387733
8.89102602005
10.8437540531
11.7921659946
10.8744540215
8.56268501282
15.3316750526
8.10593295097
7.37844896317
6.50837993622
5.46829390526
7.58583593369
9.79889297485
13.049505949
11.537446022
11.5353291035
10.654266119
9.85626196861
9.19158482552
9.84021115303
6.1171681881
7.08645915985
7.25237798691
9.74292802811
8.10069108009
8.32229804993
7.11586308479
8.81956791878
36.2477800846
0.676309108734
7.15065598488
8.96038198471
10.5756428242
8.4910068512
10.6490590572
10.9733870029
12.7599608898
11.2155759335
8.82595396042
6.1848359108
7.10704994202
8.95985817909
10.5742650032
8.58954501152
12.1799118519
9.54193210602
14.4217329025
9.36731100082
8.75872898102
6.39293885231
7.35824608803
8.96043086052
10.5751008987
8.46519303322
10.6830070019
10.9695739746
11.9284620285
9.02685785294
12.2551679611
6.00583195686
6.67796301842
7.54678106308
11.3112711906
10.2530879974
11.1329269409
13.327434063
9.69391989708
8.74528002739
8.89905691147
6.26861095428
6.557543993
8.16906094551
13.2085728645
10.048730135
11.3141839504
13.2065591812
11.0838758945
7.85629796982
9.2725520134
5.81736707687
6.00170493126
5.28154706955
9.08481502533
8.67247986794
8.5994579792
8.93217206001
7.2290790081
8.77639293671
36.0647790432
2.95367407799
11.072329998
9.61611413956
9.96998691559
8.28385806084
16.6203210354
11.0126791
9.69926214218
8.43068099022
8.46589803696
5.63941001892
7.10990905762
8.96007299423
8.56907701492
10.7111070156
12.0612118244
10.5949110985
15.2822160721
8.50142908096
9.27274799347
7.24636912346
11.8058428764
8.91547179222
11.4299080372
10.9560790062
10.2890939713
11.5678780079
12.1204950809
8.21805214882
7.69423890114
5.63801908493
7.44264101982
8.88058590889
10.5752379894
8.465280056
12.3023209572
9.54558300972
11.7415130138
9.068764925
13.1799488068
7.3893301487
13.26394701
10.5194790363
8.48039793968
10.0803389549
10.0630800724
10.7767541409
9.69966292381
8.42590117455
7.67559313774
6.45967388153
9.17492508888
9.26341104507
11.7729868889
12.8486850262
10.0798771381
10.6386568546
12.4965689182
7.99060511589
7.67219901085
6.50754785538
5.17879199982
6.0792798996
11.2736501694
12.677339077
12.5214619637
13.4102058411
11.0865120888
10.6625070572
10.0220758915
8.402354002
6.51956415176
7.53059697151
9.50459814072
13.3360338211
11.7718248367
11.8207700253
11.5841391087
9.53484988213
11.6378030777
9.32638192177
6.5102250576
9.66424298286
11.2738070488
12.0213000774
10.3290688992
12.4196608067
11.0394659042
10.6665620804
10.0465600491
9.32552599907
11.986413002
8.88797593117
11.4256060123
11.0216190815
12.5492370129
10.6591300964
9.66178297997
8.47588586807
10.5602381229
4.67434191704
10.069614172
9.63526988029
11.8608219624
10.797713995
10.064620018
11.0138120651
10.2885541916
8.97535991669
7.10710191727
6.89682388306
5.73004794121
15.7077679634
12.3630180359
8.81292486191
13.261713028
10.8133809566
9.57341790199
9.24162316322
9.20570015907
8.34887099266
5.71862697601
5.9041519165
11.5833580494
12.5468270779
11.9876000881
11.7949728966
13.2389988899
10.6596591473
10.1122701168
9.84348487854
8.08037805557
9.87196779251
9.37002301216
11.7731530666
10.7656209469
11.2907910347
8.40694689751
10.7051529884
10.0469269753
9.91600298882
6.46735787392
7.40907883644
12.4802927971
10.0653641224
12.2088439465
10.4506700039
11.0996239185
10.6608629227
10.1117072105
9.87711405754
13.1651740074
10.6550791264
12.000207901
10.9214458466
13.2073700428
9.81289887428
8.74280309677
7.34944105148
6.510420084
4.94489693642
5.22484016418
7.17121005058
12.5145277977
16.6279008389
11.0101490021
11.4007458687
9.25034713745
9.49480390549
9.2734951973
8.14253902435
6.33229804039
15.6026210785
12.6091051102
11.5390238762
11.8842451572
11.2868230343
9.86281704903
9.74433112144
9.94793009758
6.10090398788
4.89708590508
7.37679815292
10.5871429443
11.9768140316
13.2663431168
9.70946192741
10.7620151043
12.0997960567
11.5856361389
8.07724809647
5.46917510033
7.59052801132
9.79601693153
12.7172939777
11.9068119526
10.1305549145
11.969078064
11.3265898228
12.2934350967
11.2631042004
5.03623199463
7.39408183098
12.9474630356
11.9789350033
11.9870240688
13.0651259422
9.83263301849
9.24202609062
10.6031169891
8.73725318909
5.21631193161
7.20587110519
12.4710309505
12.0854599476
12.3449909687
10.9536659718
11.9285778999
9.25236296654
10.6008810997
8.74412894249
4.62808990479
15.3695979118
12.1938068867
9.09819889069
12.9722268581
10.9819638729
9.1005461216
9.49534606934
10.8153409958
8.74457406998
6.45947813988
8.42347383499
12.3046278954
11.9793670177
12.925080061
10.9742200375
9.57536196709
9.25447106361
10.5817661285
8.75915813446
5.74436402321
7.59185600281
11.5390150547
11.3407788277
11.53937006
11.7665071487
13.2296512127
12.0736591816
11.3086950779
8.83966708183
7.36424088478
8.66985297203
10.7771129608
12.1733880043
10.6719918251
11.7342858315
11.3034977913
9.58476185799
10.4408450127
8.904296875
7.86567187309
9.93112897873
12.862705946
14.4254028797
10.8705749512
10.7350349426
11.1848430634
9.61557102203
9.97500395775
6.36911416054
5.46963095665
15.6642999649
12.5143630505
14.5175018311
13.2203409672
11.0816459656
10.6597270966
10.0471820831
8.38000702858
5.88184499741
6.4652299881
8.42684698105
12.3050119877
14.7502548695
11.9178681374
12.4162521362
9.89659690857
10.2221918106
8.8016500473
9.40230917931
9.1389131546
11.5188369751
12.1642949581
12.0957899094
10.4629590511
11.0875170231
12.0712358952
9.2086057663
8.31734609604
6.03805208206
7.03514289856
9.51013493538
13.0078949928
12.0967149734
11.5718491077
11.8304669857
9.5337729454
12.585848093
8.89344096184
6.04392814636
12.553663969
9.41111803055
11.9372279644
12.337241888
12.4443771839
11.043432951
12.0719521046
9.70118713379
8.67533302307
6.27086210251
12.908272028
11.3588569164
9.66770386696
12.6476418972
12.4474458694
11.0412847996
10.6616241932
10.0429830551
8.9044470787
8.05701208115
13.2581009865
10.644536972
11.1919801235
11.9817199707
11.1420972347
9.8739669323
10.4510350227
8.92805409431
8.64104294777
8.0601708889
14.831870079
12.5058259964
8.97133016586
10.4202299118
11.4740769863
11.7460558414
9.26544594765
10.5822079182
8.92031383514
7.24101901054
13.1202809811
11.3988330364
11.549503088
10.6980130672
11.444849968
8.23021101952
9.78745794296
10.9433779716
8.92837500572
9.99686717987
9.36655902863
11.29022789
12.1481559277
12.0947020054
10.5378930569
11.0125830173
10.6620337963
10.0200328827
9.35572886467
9.56854605675
7.85504698753
10.0033028126
12.6918289661
11.5486848354
11.9806058407
12.5947749615
11.1865258217
11.2974429131
9.32015991211
10.5128059387
5.46829199791
15.6647839546
12.1915938854
14.8314678669
13.2189869881
11.0860419273
10.6625349522
10.0403809547
9.92221689224
9.07216787338
13.5168809891
10.8975539207
11.6421029568
10.7208938599
11.795637846
11.3623051643
9.28307104111
10.5789601803
8.91273784637
8.22109007835
12.6880040169
11.3735458851
9.65281796455
11.1422679424
11.7556810379
11.8426470757
10.5970468521
11.664151907
11.1223099232
8.47027802467
