5.45832300186
6.34018397331
4.45740509033
3.40638518333
3.55655908585
3.06240296364
3.17983794212
4.56351208687
2.41134500504
3.23197603226
4.16833901405
3.96836590767
4.95109796524
4.61346316338
3.69821810722
2.84112501144
3.40221118927
6.12113118172
2.2960858345
3.234801054
4.66155481339
5.26143598557
4.49080586433
3.10047197342
3.8620929718
2.8711578846
3.1263449192
4.73438000679
2.3603219986
3.16137099266
3.73645496368
6.20886611938
4.47360396385
3.52873396873
3.41015481949
3.49022984505
2.67077302933
4.75390601158
2.60496997833
4.93301296234
4.46847176552
6.8927359581
4.60269212723
3.43725204468
3.16292905807
3.22585296631
3.95116209984
3.92639994621
2.23296785355
3.5913901329
3.70519804955
6.02901482582
4.66939210892
3.27658390999
3.66894412041
3.4924390316
2.64788103104
4.78108716011
2.3559858799
5.27632284164
3.72208881378
6.00324392319
5.32753205299
2.63328790665
3.67379903793
3.05902409554
3.12514305115
4.61561799049
2.72188401222
5.04542589188
6.16135787964
7.2005200386
4.46233487129
3.44982600212
2.36122179031
4.21547818184
5.76213598251
2.21729588509
2.70251488686
3.57490897179
6.1242210865
7.15213489532
4.51126980782
3.35231518745
2.42025279999
4.01676988602
3.27738118172
4.38397097588
3.27582192421
3.57511687279
4.62685608864
6.15605783463
4.9807100296
4.46721100807
2.19202399254
2.81980705261
4.33233594894
5.41544508934
2.3084590435
3.63797092438
4.35044503212
3.35973405838
5.77266597748
5.68208599091
3.23779892921
2.78728103638
4.37042593956
5.37520813942
2.32451510429
3.7366797924
4.77280092239
3.44961094856
5.77531290054
5.67131900787
3.24626803398
2.7855489254
4.81684684753
4.78793811798
2.50713992119
3.78992319107
4.30332398415
7.21480607986
4.44678592682
3.35155510902
2.42607784271
4.00862598419
6.00430989265
2.21772789955
2.70445108414
3.73345589638
4.33016180992
4.05370402336
5.5285551548
3.41359901428
6.45205903053
3.69334602356
4.30373501778
2.2220249176
2.70251893997
3.73547410965
4.39564919472
4.05554294586
5.54020595551
5.65195584297
2.19870996475
4.25048708916
5.76300501823
2.21206092834
2.71960020065
3.73283100128
3.12977099419
5.61379814148
5.29406690598
3.41337418556
6.45929908752
3.68720293045
4.31089401245
2.2245900631
2.70803594589
3.74076700211
2.04228901863
7.52596998215
3.82563090324
3.57330393791
3.1091811657
3.29179215431
6.07836794853
2.40189313889
3.16209506989
3.74095201492
3.74866604805
5.6992430687
3.86226201057
3.93261814117
2.57975292206
3.42002010345
6.12618088722
2.28959393501
3.22961711884
3.74840402603
4.64794182777
6.52564311028
4.68920707703
3.82854199409
2.65699291229
3.34682703018
6.08205008507
2.33365297318
3.23152184486
3.82440710068
6.81354689598
4.65521192551
4.75658416748
3.11439704895
3.22857499123
6.08893799782
2.40421700478
3.1556520462
3.86771798134
5.27427315712
4.51348114014
3.43681693077
3.16173696518
3.23261499405
3.94254803658
3.92420291901
3.77686882019
3.94615006447
4.64859199524
6.50388097763
4.58054685593
3.96885609627
2.60228991508
3.39605498314
6.08547401428
2.33443593979
3.23412895203
3.94300818443
4.38121390343
7.16370391846
4.49917697906
3.45431494713
2.32473301888
4.00876808167
6.00699114799
2.92641711235
3.83085012436
3.67678999901
4.35791301727
6.18281006813
5.21168017387
3.41745305061
3.34906005859
3.9371612072
6.00754404068
2.21237492561
4.54658102989
3.88901686668
3.77683711052
4.94572615623
4.71975898743
3.5961561203
2.81000185013
3.41987204552
6.131057024
2.59926700592
4.93235492706
3.44116210938
3.76779699326
5.15699005127
4.51248598099
3.82617688179
2.88122797012
3.12560892105
6.07867407799
2.64564299583
5.03724503517
3.33786582947
3.56813001633
5.93149399757
3.87682294846
3.52601909637
4.70911407471
3.07352304459
4.74270701408
2.60061597824
4.93378400803
3.62537097931
3.85084104538
5.70389604568
3.82685613632
3.73677492142
3.11151504517
3.12577795982
6.12726187706
2.59982609749
5.03860116005
3.52183699608
4.64568209648
6.61775302887
4.59901118279
3.43384504318
3.10909700394
3.28396010399
6.12602090836
2.60099697113
4.97347402573
3.5896821022
3.14434099197
5.58266115189
5.6837348938
3.21389198303
2.81009101868
4.4564909935
5.25658607483
2.36447310448
3.73374390602
3.59989190102
5.51410984993
5.66888308525
5.6855199337
3.2279009819
2.79775595665
4.82447195053
4.83667993546
2.35122394562
3.89294290543
3.43920898438
3.1852350235
5.5806210041
5.6774559021
3.22130298615
2.81352210045
4.8201110363
4.77767300606
2.36878395081
3.83538913727
3.60050821304
3.2541000843
5.58611512184
6.72728395462
2.17335796356
2.84336209297
4.4247879982
5.14380788803
2.53683280945
3.79214406013
3.43758201599
5.79158592224
5.2872800827
3.42215776443
3.35410308838
3.9363720417
3.24943399429
4.05021595955
2.38892817497
3.79998612404
3.52860498428
5.71609711647
5.29513001442
3.40648293495
3.22670412064
2.84595894814
4.78269600868
4.80409193039
2.48461985588
3.63496208191
3.69347500801
3.26222491264
5.58483409882
6.7251701355
2.29823899269
3.93750596046
6.00280809402
2.21022295952
2.7182970047
3.57505393028
3.69777202606
6.0197250843
4.98089408875
4.46215391159
2.1732749939
2.81160211563
4.36146211624
5.37301516533
2.22762298584
3.99462103844
3.89013409615
3.25223493576
5.58695006371
5.67156004906
3.25131416321
2.90343379974
4.70919299126
4.88705396652
2.43178701401
3.63580799103
4.05440306664
5.96759605408
7.51238298416
4.69553089142
3.79334902763
6.01729297638
3.5350561142
4.94538211823
3.63943910599
3.43219208717
3.57613587379
3.75933909416
5.15580177307
4.51262307167
3.43473887444
4.70374011993
3.12555789948
4.64655208588
2.64757919312
5.04705405235
5.09820485115
3.12536406517
5.58488512039
6.72578287125
3.37999296188
4.01434898376
5.99936413765
2.22208380699
4.39587497711
4.0256690979
2.9664478302
3.19381093979
5.58340287209
5.66977405548
3.22858190536
2.92128109932
4.25322508812
5.70131015778
5.10240197182
3.6631538868
3.19875407219
4.33388996124
7.13813614845
4.5227689743
4.73810696602
3.82461595535
6.00192785263
2.92408800125
3.6943731308
3.79928398132
3.2018558979
4.38126587868
7.19982004166
4.46206212044
5.68760704994
4.10490083694
6.0041539669
2.22079205513
4.531291008
3.89156508446
2.97312784195
6.04826116562
4.96851611137
5.66368818283
2.23257994652
3.9742410183
6.00172591209
2.21590709686
4.53397011757
3.66308188438
3.2061920166
3.2603290081
5.58508276939
5.68500995636
6.44693183899
3.68956398964
4.3080868721
2.92562294006
3.69691491127
3.79295396805
3.20982098579
4.21735596657
6.79183793068
4.49823188782
5.69063997269
4.09872794151
6.0049059391
2.9260969162
5.55997610092
3.62646985054
2.43855285645
6.14747810364
7.16420793533
4.5000371933
4.73942613602
4.06828999519
5.7611079216
2.21685099602
4.39924311638
3.80571889877
4.22405695915
5.99775385857
6.77707195282
3.72568488121
2.3393368721
3.99328112602
6.00187802315
2.21964788437
4.40200901031
4.01881885529
4.01567387581
3.24516701698
5.59105992317
5.68401408195
3.34306502342
4.18151021004
5.7559671402
2.21124410629
4.41514396667
3.7950220108
4.25527381897
5.70188498497
7.57139015198
4.60118412971
4.83679199219
6.91337013245
4.87994599342
2.78290700912
6.09502506256
3.38235592842
2.38597202301
5.81415915489
7.3239171505
4.73778796196
3.79024600983
6.16304421425
6.35273003578
3.13357520103
6.07068014145
3.34124016762
2.54578495026
5.31216597557
7.7468187809
4.13276982307
3.01671504974
7.14441514015
6.29733300209
2.17597293854
3.70525407791
2.87398910522
4.70140218735
5.49949789047
7.75933694839
4.10367798805
5.24491810799
6.04312109947
5.07066702843
3.76139903069
3.4263420105
3.58164787292
3.25814795494
5.5812330246
7.7056889534
6.53329014778
5.12752509117
6.09394407272
5.0206990242
3.76673984528
3.42648100853
3.57564616203
3.25811386108
5.01346707344
5.42936706543
5.36589097977
4.18179488182
6.82529091835
4.87850999832
2.78474998474
6.01749205589
3.50536108017
3.27087593079
5.14663290977
5.39319992065
5.81462907791
6.05887889862
3.56238007545
4.94609189034
3.75482082367
3.3017809391
3.58654499054
3.26448893547
5.23059296608
7.43872904778
5.48035287857
4.18341588974
7.05653500557
6.29689002037
3.77841210365
3.30994677544
3.57630705833
3.32618117332
5.82600212097
7.36948418617
5.43397212029
4.18260002136
6.83732509613
6.51059508324
3.7773270607
3.30385613441
3.5847799778
3.36772203445
5.57945990562
7.76393294334
5.93268203735
3.11282205582
5.30381894112
6.18269920349
3.78756093979
3.31301283836
3.57588481903
3.36694002151
5.01851320267
5.55708599091
6.44019007683
5.12952303886
6.18561911583
4.92532920837
3.87895989418
5.2577290535
4.26404500008
1.20174002647
5.16563296318
7.47204208374
6.63588500023
5.1551759243
6.18924212456
4.88801002502
6.27211594582
2.62512493134
4.58749103546
1.15445303917
3.35839891434
5.73117518425
5.44992399216
5.87632799149
6.24369812012
6.4023938179
3.15762209892
5.37758612633
4.33636903763
2.49138998985
3.20006394386
7.58223605156
6.59397387505
5.16108798981
5.05565786362
6.15461087227
6.13202905655
2.62932705879
3.02958416939
2.765198946
3.41487979889
7.60615205765
6.46200013161
5.20012187958
5.04633784294
6.16472101212
6.12420487404
2.86589097977
2.7934820652
2.95392799377
5.44406604767
7.14821910858
6.67302799225
5.12850189209
6.0444111824
5.03295397758
3.80572605133
5.37380290031
4.30882406235
1.72611689568
5.34751009941
7.22989392281
3.88702392578
5.99025416374
6.63829898834
3.08959317207
5.27603197098
4.06384396553
2.76387190819
0.993562936783
7.94738698006
4.69079899788
5.12618589401
6.63899707794
6.49294900894
3.66917419434
3.42155885696
3.58614611626
3.26506114006
1.60100412369
5.02018809319
7.78208804131
4.09846901894
3.02277588844
7.12799286842
6.29594111443
6.12249183655
2.62809205055
4.69835805893
2.09369111061
5.71826004982
7.66580295563
5.95364308357
6.14935588837
6.40689492226
3.14780306816
4.78885507584
3.53583216667
3.26732110977
1.60880994797
7.97411513329
6.62772417068
5.12931203842
6.08913397789
5.015198946
3.88262200356
3.30976200104
3.5784060955
3.32669782639
1.54609394073
7.56416201591
7.58760285378
4.75091600418
5.1342921257
6.39025902748
3.08085489273
5.96643900871
3.53049588203
3.27444386482
1.60930681229
5.10665106773
5.39856815338
5.79822301865
6.05459809303
6.58692598343
3.15461492538
4.78919792175
3.38159799576
3.42414212227
1.50944209099
5.71556901932
7.50172615051
6.03970193863
6.08563995361
6.5443110466
3.08369612694
5.96690917015
4.92562294006
2.49870705605
0.994067907333
5.44077706337
7.35156106949
5.99972987175
6.22853708267
6.35233211517
3.20568585396
4.78829717636
3.34366512299
3.6295940876
1.35151195526
6.18374419212
8.58191990852
5.98549318314
5.04473400116
6.6885869503
3.8145468235
5.10981893539
4.2322640419
4.06436800957
1.79510188103
4.03032898903
6.60144591331
5.89327597618
3.65458106995
6.52470111847
5.34021902084
3.71748709679
6.85330295563
3.544672966
2.30991506577
6.58995485306
8.7020008564
5.9268989563
5.12865614891
6.68129897118
4.99437594414
4.80462598801
3.1786429882
3.07723498344
1.74217915535
6.65073680878
6.90918111801
5.82517790794
5.35327506065
6.43690395355
4.22784090042
4.23473095894
7.10191893578
3.90625810623
1.65329384804
6.51181292534
6.87145996094
6.01850199699
5.51236891747
6.28833198547
4.50309801102
3.8821451664
6.91091990471
4.02079916
1.79996705055
5.37181019783
7.28932189941
5.72979998589
3.87068915367
5.95586681366
5.95168805122
7.05544304848
3.11368894577
3.30991292
1.57833504677
5.7312130928
7.53245902061
6.00653505325
6.04808592796
6.53259706497
3.20349502563
5.37971997261
4.06535506248
2.76340985298
1.53491711617
5.7456099987
7.31582403183
5.96641397476
6.29597592354
6.46416401863
3.09055709839
5.2754240036
4.05829501152
2.16034507751
2.14537882805
5.13744211197
5.3978869915
5.89367508888
5.97129297256
6.6443669796
3.09114098549
4.79060196877
3.47719907761
3.32442498207
2.04781889915
5.21251010895
5.39732503891
5.74067091942
6.10830998421
6.54093503952
3.20382595062
4.78846693039
4.86295104027
2.45880794525
1.60233592987
7.85585594177
6.02199912071
6.00599002838
6.54382491112
3.15303397179
4.68575811386
3.53429889679
3.26592588425
2.21785402298
5.45001411438
7.4797308445
5.85834598541
6.09919786453
6.49442696571
3.13228201866
5.96636986732
3.53395199776
3.32653689384
2.16057300568
5.44570612907
7.34410595894
6.08654689789
5.97510385513
6.57454609871
3.15233588219
4.6877040863
3.5330889225
3.36510896683
2.12538003922
5.24016499519
7.57786798477
4.75146102905
5.00560092926
6.46602010727
3.20471000671
4.7869310379
5.0114531517
2.49843001366
1.42275905609
5.35443091393
7.28776812553
3.91196107864
5.49058413506
6.05668902397
6.0630979538
7.20630407333
4.32899999619
2.47357296944
1.37164306641
5.85674500465
6.71531414986
6.01985311508
5.34985494614
4.71406817436
6.52177405357
6.29768204689
5.40898013115
3.6049079895
1.35102200508
3.93158197403
8.83953785896
5.88783597946
3.35936498642
6.46867394447
5.7555577755
7.40518903732
4.34190201759
2.46469902992
1.37497496605
5.84824895859
6.90473508835
5.82280898094
5.43807601929
6.34914517403
5.86391401291
7.40621113777
4.32781410217
2.49968600273
1.35055303574
5.32345604897
7.25911283493
4.90871882439
6.91341710091
6.52817416191
6.12070083618
2.63008403778
4.54444599152
1.77285981178
1.44359111786
5.37000608444
7.41716909409
5.03796005249
6.67841291428
6.46264600754
6.13497114182
2.86534380913
4.35072112083
1.72717189789
1.44304895401
2.95070910454
7.15922904015
5.9870300293
5.08102607727
6.66173410416
5.00027608871
6.99038696289
4.0197520256
1.79391908646
0.820652008057
5.34079289436
7.11654806137
6.21030116081
7.58021593094
6.56283783913
3.72059202194
6.80280303955
4.05726981163
1.80222702026
0.823111057281
2.96898198128
7.10503292084
5.98067593575
5.10219693184
6.70578384399
4.99282217026
6.99701309204
3.50098514557
2.31930994987
0.823156118393
4.38168692589
8.91195893288
5.51847696304
5.13622403145
6.81486606598
4.87878489494
5.39177513123
4.08442115784
2.92884302139
1.2355837822
5.34303498268
7.06755685806
5.94179201126
5.14985489845
6.67853283882
5.00914621353
6.95328211784
4.05747485161
1.80301594734
0.827986955643
4.14861679077
5.97456812859
6.20948791504
4.87202310562
6.65188193321
5.00806999207
6.95004606247
4.07471704483
1.79549789429
0.826527118683
4.00300192833
6.6622068882
6.0727159977
5.35130500793
4.70261716843
6.64747881889
8.35939598083
4.34080004692
2.95880103111
1.37930488586
4.0590839386
6.13319802284
6.0494260788
4.85722899437
6.64452409744
3.81065797806
7.3548181057
4.31684303284
2.98171186447
1.37902116776
6.23368811607
8.70124387741
6.05067110062
4.86035203934
6.64468193054
5.01679587364
4.95523905754
4.37826800346
2.92014503479
1.38607597351
4.1650159359
5.96994781494
5.92646884918
5.14143896103
6.64432907104
5.02240610123
6.95259690285
4.06767892838
1.78466105461
0.836004018784
5.92128515244
5.93865513802
5.13787412643
5.18519687653
5.28309607506
7.71087598801
4.05734992027
2.92998385429
1.38654208183
4.09514117241
5.92148900032
6.2585811615
4.81026411057
5.19551992416
5.28166103363
7.23176407814
4.49509596825
2.96927309036
1.39190506935
6.20118689537
8.74685192108
5.83012008667
5.09670591354
6.76089000702
4.88846492767
6.94873309135
3.51047706604
2.36037802696
0.840493917465
4.09255814552
5.91470098495
6.03820109367
5.03685116768
6.71288990974
4.99951100349
7.25419902802
3.90591096878
1.65253806114
0.842576026917
4.36158704758
8.53432488441
6.26394295692
4.8127810955
6.82327914238
4.89741110802
4.80453896523
4.50325012207
2.96026206017
1.40157485008
4.15960288048
6.13149094582
5.76865196228
5.14243507385
6.77101707458
4.88605594635
6.98283791542
3.51614379883
2.31626701355
0.847584962845
5.48292303085
7.49342012405
6.59312701225
6.79957818985
6.75958204269
6.16914010048
5.41605496407
3.59251594543
1.36868000031
0.865300178528
6.68538212776
4.49500203133
3.03436422348
3.41011810303
3.0617890358
3.12666583061
4.69740319252
2.64929294586
35.4511389732
